4126.15332031 
4127.79785156 
4115.91259766 
4111.59619141 
4114.19677734 
4117.88330078 
4117.44726562 
4107.97119141 
4105.12109375 
4103.04394531 
4101.73779297 
4102.24169922 
4101.50048828 
4097.03369141 
4097.03369141 
4096.56054688 
4091.03271484 
4090.07592773 
4088.51416016 
4081.63330078 
7587.66845703 
5079.25146484 
5079.25146484 
-4125.40869141 
6851.45166016 
3130.00415039 
9249.56542969 
5390.859375 
5390.859375 
7115.82177734 
4259.72607422 
7425.58447266 
7535.70263672 
4733.94482422 
-2311.92163086 
-1205.82629395 
-2569.10742188 
-8078.29785156 
-5243.30615234 
-948.535217285 
2665.3996582 
2665.3996582 
-6011.39990234 
-2649.97729492 
1366.37536621 
830.313903809 
1226.84619141 
1585.6270752 
1318.45568848 
1304.50744629 
1336.98620605 
884.575073242 
432.66015625 
-1931.91796875 
2198.05297852 
3873.05126953 
-1147.78820801 
2026.22399902 
2096.7434082 
800.869445801 
-2035.4765625 
417.17364502 
111.858421326 
1301.06860352 
1172.31005859 
533.908081055 
338.866912842 
314.923950195 
221.619598389 
-1686.03527832 
1289.83776855 
-226.491729736 
-447.919311523 
-315.941558838 
-994.005004883 
-1825.20617676 
-1859.03063965 
1311.65563965 
1646.68737793 
-3286.69213867 
-863.550415039 
-1582.81933594 
-2139.7956543 
-2411.20605469 
-2066.80322266 
-1753.64367676 
-1753.64367676 
-1753.64367676 
-521.429443359 
-4721.12060547 
2039.8079834 
5138.95654297 
-6025.14257812 
-7357.984375 
2653.05908203 
2973.55566406 
-6555.74707031 
680.868408203 
-5631.64257812 
638.068237305 
-8036.32177734 
-1656.28210449 
552.049316406 
-4888.22265625 
1767.78662109 
1767.78662109 
1203.7286377 
-5336.04638672 
-5336.04638672 
-5336.04638672 
2485.76416016 
-6434.03662109 
-5517.98828125 
2812.45849609 
-871.956542969 
4298.68847656 
-4654.07763672 
-6042.22949219 
-6042.22949219 
-4244.29882812 
-4394.58154297 
-0.579588711262 
-2128.80102539 
-2744.6574707 
-2744.6574707 
-2009.2409668 
-2673.61450195 
-1409.07446289 
5427.01220703 
5856.87060547 
65.2383880615 
-1149.67614746 
-5490.61083984 
-3503.20947266 
-1505.24267578 
-1580.39868164 
541.670898438 
-2391.41845703 
2958.39428711 
-1905.07910156 
4070.93212891 
4779.17822266 
-739.225158691 
1910.87109375 
-2961.46069336 
-2263.18237305 
97.4878387451 
-1002.23278809 
-1145.38513184 
-795.131225586 
-1437.82617188 
-468.4793396 
-223.782165527 
-626.272521973 
-3173.37988281 
-477.252471924 
43.8081626892 
46.4526672363 
122.565422058 
-6419.41796875 
397.686004639 
66.7827224731 
547.704223633 
-6624.88671875 
201.635055542 
-6935.64990234 
163.545654297 
732.479919434 
7.31270156886e-35 
2278.93945312 
-445.082611084 
-539.751525879 
899.683227539 
1927.88928223 
446.129821777 
2449.7331543 
1271.15454102 
-2429.99267578 
-2429.99267578 
4060.39038086 
1424.70532227 
3250.11376953 
1723.04248047 
3732.63037109 
-90.025428772 
536.903686523 
1427.8972168 
-2873.44042969 
1447.33569336 
-30.4837303162 
5141.97900391 
4893.15429688 
-1378.60021973 
-1378.60021973 
2482.47851562 
2590.77978516 
-1549.83398438 
-6550.94042969 
-630.164428711 
1012.03900146 
-922.732543945 
7212.89404297 
-2807.25854492 
-2461.30053711 
-3111.71728516 
1400.83081055 
953.886413574 
6682.56933594 
-4499.78466797 
7072.27099609 
655.336975098 
2270.06518555 
2414.3034668 
-3870.67260742 
4153.21679688 
4708.3125 
3341.38549805 
2003.91418457 
-2893.27416992 
-5043.17431641 
4172.70117188 
518.829711914 
1091.82189941 
-596.68347168 
-5757.37548828 
-1485.10473633 
-1485.10473633 
-1141.53186035 
1544.72595215 
1792.74865723 
1358.45715332 
-2786.63769531 
-1777.79150391 
44.0039253235 
-102.75718689 
1713.02929688 
1021.46380615 
-2915.32495117 
-1336.76574707 
1555.40478516 
497.93762207 
497.93762207 
757.242675781 
757.242675781 
-2307.31347656 
885.737548828 
10.786108017 
-1756.29052734 
-1756.29052734 
3101.29736328 
2857.12890625 
209.253845215 
1699.84362793 
258.494995117 
-2937.32641602 
-1.09349679947 
1971.52160645 
-5477.17675781 
-4692.97802734 
2321.39282227 
6995.1484375 
2883.39746094 
-4943.02685547 
371.120635986 
-2953.24291992 
1375.95849609 
-6062.28710938 
1283.94592285 
-5963.89257812 
384.068481445 
-6061.38720703 
-7425.66308594 
-5548.73583984 
-5716.28027344 
-5397.21435547 
-7027.45214844 
-5776.71289062 
-5087.41992188 
-4168.50537109 
-4937.58203125 
772.162231445 
-3711.82299805 
-7036.92919922 
-6940.16455078 
-2211.80419922 
-2768.94287109 
-2636.45996094 
-2430.1574707 
-2218.70410156 
-1985.81286621 
-1905.30786133 
-1629.71887207 
-1362.11364746 
-1125.5690918 
-594.544799805 
1035.59753418 
464.366149902 
-419.73046875 
26.4093761444 
399.03994751 
399.03994751 
399.03994751 
939.744506836 
963.597900391 
2667.27636719 
2621.83276367 
1048.47961426 
1268.5300293 
1268.5300293 
1182.70007324 
1947.01367188 
4040.6394043 
-1343.93737793 
-4263.86767578 
5707.54052734 
3141.66748047 
5977.91796875 
2414.31835938 
2414.31835938 
-1548.5447998 
5884.2734375 
-2519.70581055 
5270.50683594 
-2651.55053711 
6968.55371094 
6968.55371094 
5450.26074219 
5450.26074219 
5774.6484375 
4203.01904297 
5920.59912109 
3722.23852539 
5756.65478516 
46.8935127258 
3083.82641602 
6210.36181641 
4547.09619141 
4438.57763672 
3882.72265625 
3882.72265625 
2915.00561523 
3610.08837891 
3012.80151367 
2865.84057617 
3215.04248047 
2735.87304688 
2547.88330078 
2763.38427734 
2166.60595703 
2096.2722168 
1665.41540527 
1545.87060547 
1223.44250488 
542.295776367 
652.562683105 
195.44418335 
158.151565552 
-119.203941345 
-229.998001099 
-647.336914062 
-291.842681885 
1374.08728027 
-773.185791016 
-1401.25964355 
-1378.81762695 
-1759.14624023 
-3780.68481445 
-1374.79724121 
1855.28527832 
4161.69189453 
-2978.04345703 
-2978.04345703 
-4857.82568359 
-5672.25878906 
2830.25195312 
-6285.68847656 
7707.58300781 
7707.58300781 
1487.53601074 
-4935.01660156 
-4935.01660156 
2837.59082031 
-5861.97167969 
-6136.81689453 
-7031.45458984 
-6994.02001953 
-3595.99438477 
-5030.27880859 
-3662.57788086 
-5090.62353516 
-3651.16992188 
-5092.50048828 
-3668.15185547 
5832.42480469 
-5136.61621094 
-4835.01660156 
-3500.91503906 
-3459.94287109 
5342.87011719 
4575.62646484 
-5653.73388672 
-4739.40820312 
4407.66308594 
-4870.93457031 
-1227.15100098 
-3729.26147461 
243.799224854 
-2693.35522461 
-2693.35522461 
-33.6316108704 
-3080.85327148 
-3164.26049805 
-3164.26049805 
-2671.95825195 
-952.748352051 
-2544.69335938 
-1194.37194824 
-1097.40393066 
-2466.49853516 
1646.63500977 
-661.310302734 
2130.84448242 
3042.80102539 
2597.97412109 
583.600097656 
845.984924316 
845.984924316 
1450.8737793 
1230.89416504 
2345.76269531 
2725.38085938 
2765.27075195 
2925.83984375 
3613.28491211 
3808.70605469 
3280.85766602 
4180.20751953 
4874.93652344 
5049.49316406 
5049.49316406 
5702.38720703 
-1130.52453613 
5846.27392578 
-801.458679199 
3780.44018555 
5043.01367188 
5076.74316406 
3664.57348633 
4909.78662109 
3427.25683594 
-6682.60498047 
5199.515625 
3558.41333008 
4559.33935547 
3441.96069336 
4302.68554688 
5777.21044922 
2713.08007812 
-158.481231689 
16.3012771606 
-2.00385570526 
-2.00385570526 
-42.7431106567 
-1624.01708984 
-2948.77880859 
-782.269714355 
-782.269714355 
-1310.93041992 
-220.129318237 
-1811.24243164 
1894.22351074 
254.133850098 
987.864196777 
-840.748718262 
-2147.20068359 
1195.61743164 
-1541.9753418 
-1496.1439209 
-1496.1439209 
-2727.75170898 
-3388.51928711 
3.07416820872e-34 
-5511.45849609 
-2772.73413086 
-3949.97460938 
-3949.97460938 
-4934.32910156 
-2677.18408203 
-5685.56689453 
-2494.55493164 
-4859.52490234 
279.647003174 
279.647003174 
-4575.23876953 
-3185.18896484 
3994.0534668 
-4868.65136719 
-3561.20410156 
-2626.12329102 
-4140.77148438 
-3582.65039062 
-4958.61767578 
-4999.84228516 
-5013.02587891 
-4929.58691406 
-3528.55908203 
-4819.91894531 
-4746.70654297 
-4566.76074219 
4887.57275391 
-4446.12548828 
-4182.88964844 
-3387.14331055 
-3104.13305664 
-2795.85424805 
-3469.56713867 
-2435.26049805 
-3292.46191406 
-3164.87866211 
79.9071807861 
-1348.54736328 
-1125.23327637 
-1125.23327637 
-885.299804688 
-336.504577637 
-176.749755859 
375.866821289 
1342.78137207 
3945.19018555 
2751.046875 
2635.07739258 
2924.9543457 
3330.23486328 
2876.21777344 
4135.17236328 
3008.03515625 
3123.48876953 
3404.74560547 
5765.11523438 
4865.046875 
-6042.51171875 
4747.84960938 
3945.10717773 
6297.88183594 
5060.96337891 
5138.51904297 
5096.99023438 
4904.02001953 
4458.51171875 
4243.35986328 
4149.609375 
4056.52807617 
4631.66601562 
2055.69628906 
-413.704986572 
3746.9621582 
3607.05883789 
2853.1184082 
1346.8470459 
649.077819824 
2249.14404297 
2886.97705078 
2311.91943359 
2557.5546875 
1737.98693848 
1737.98693848 
1768.96875 
1870.58068848 
1239.79260254 
1600.09851074 
959.474365234 
959.474365234 
828.491821289 
828.491821289 
1281.56494141 
1493.47583008 
1059.05603027 
-1856.23205566 
-1856.23205566 
-2020.50036621 
2794.43920898 
-2925.8112793 
182.942489624 
-4034.16113281 
-1804.66589355 
4808.75878906 
-2421.94238281 
-3931.13745117 
-2411.69262695 
-3338.57788086 
-2492.22241211 
-4071.80493164 
-5420.07373047 
-5420.07373047 
-4962.9453125 
-4680.61132812 
-4680.61132812 
-4715.9140625 
-7331.26953125 
-5336.35888672 
-4610.73632812 
1615.77233887 
-4132.18261719 
-4132.18261719 
-5388.79345703 
-5388.79345703 
-5161.35742188 
-3692.26123047 
-3692.26123047 
-3692.26123047 
-3692.26123047 
-3644.4753418 
-5191.67089844 
-4836.94628906 
-3619.86889648 
-1358.8059082 
-3626.66674805 
-1334.67346191 
-3819.65942383 
-5824.69628906 
-3178.08300781 
-2498.28881836 
-397.739196777 
-1335.5065918 
-1335.5065918 
1504.42468262 
-635.66607666 
-573.676208496 
-723.417663574 
-397.459442139 
-1162.36169434 
2531.30786133 
2802.41992188 
242.282012939 
1662.3470459 
1089.51245117 
2862.30834961 
1723.65258789 
2656.83178711 
-4787.38574219 
3086.35717773 
-1569.84777832 
2825.53735352 
4524.13720703 
4847.34130859 
5119.78222656 
5901.82275391 
5901.82275391 
-1770.66845703 
4893.67236328 
3340.6875 
3284.24243164 
4357.22607422 
7014.83691406 
5712.92333984 
3868.63696289 
3868.63696289 
4815.82226562 
4502.74121094 
4148.34375 
5194.91064453 
4707.78564453 
-4080.54711914 
4102.9921875 
4419.09326172 
4419.09326172 
4232.09033203 
4065.87988281 
3389.00512695 
3045.06225586 
2890.09179688 
2890.09179688 
861.139343262 
2596.78833008 
3523.46484375 
3523.46484375 
2425.1184082 
1455.75671387 
1169.29492188 
1169.29492188 
747.245178223 
532.293029785 
164.548675537 
62.5371818542 
194.600814819 
1222.63220215 
6395.25146484 
2226.00732422 
-3919.89282227 
-2110.90185547 
-1778.71777344 
-1960.67932129 
-2821.15332031 
-2618.35522461 
-1670.00244141 
3727.51586914 
6709.45410156 
6709.45410156 
7450.07910156 
-6172.76367188 
-5532.02929688 
-3861.45922852 
-3523.97558594 
-4919.90283203 
1783.83508301 
-7206.171875 
-3486.10351562 
-5011.00585938 
-5011.00585938 
-4966.30078125 
-3743.34350586 
-4970.72021484 
-3836.16821289 
-5084.58007812 
-3680.36303711 
-5039.43554688 
-3447.1953125 
-1792.68395996 
-3106.27978516 
-4477.85400391 
-4477.85400391 
-4961.08398438 
-2909.59179688 
-3933.85717773 
-255.487182617 
1022.72827148 
-2887.52001953 
-3413.63818359 
-2411.58520508 
-3161.16040039 
-3074.84155273 
-3074.84155273 
-2546.58959961 
-2546.58959961 
-2546.58959961 
-2546.58959961 
-2546.58959961 
-1882.04394531 
-1346.82995605 
-1346.82995605 
-316.178405762 
-2988.05957031 
-114.115318298 
1137.10424805 
1137.10424805 
-954.204528809 
-475.409820557 
-3019.24462891 
-4535.42089844 
-5850.51953125 
3855.52856445 
2456.17553711 
3707.57421875 
1489.70617676 
2348.70800781 
1844.89758301 
2836.14331055 
2448.41699219 
2458.68969727 
3458.05688477 
2587.61303711 
3883.51904297 
2820.6640625 
4051.18945312 
4051.18945312 
2855.75708008 
3162.10498047 
-3722.02197266 
-7568.10546875 
-741.03338623 
5586.25244141 
7679.00927734 
3790.39770508 
5293.10595703 
3051.98266602 
5144.00097656 
3612.28857422 
4680.72314453 
3614.78662109 
4787.05908203 
4787.05908203 
-2351.54882812 
6436.67578125 
-562.108825684 
1431.61364746 
1191.57116699 
2396.18237305 
2710.86889648 
-891.885681152 
-1117.39465332 
333.687164307 
2940.0402832 
1523.91992188 
1187.65454102 
1031.68847656 
535.810913086 
304.772216797 
-66.0217208862 
-66.0217208862 
-3046.25048828 
-502.416107178 
-782.38861084 
-2777.95043945 
-3005.70361328 
-3346.3371582 
5495.70751953 
-2071.66894531 
-2639.05200195 
-3893.72265625 
-2782.45947266 
-2598.76489258 
-3083.34863281 
-2236.30615234 
-2236.30615234 
-2076.05761719 
-3391.47558594 
-3090.85522461 
-2780.44628906 
-4102.18798828 
1393.40246582 
-5111.72509766 
-4261.36914062 
-3663.5949707 
-2944.57128906 
-4949.43359375 
-3499.74194336 
-4679.51660156 
-4780.87597656 
-3503.51635742 
-3764.37353516 
5627.30615234 
3972.26708984 
-2721.97338867 
-3324.3515625 
-4956.13916016 
-5709.76220703 
-4129.76953125 
1650.41015625 
1650.41015625 
-5284.10986328 
-5284.10986328 
-4763.23779297 
-4666.84814453 
-4936.92578125 
3018.20703125 
-794.586547852 
-794.586547852 
3305.59423828 
-3361.2121582 
-3356.51416016 
-2513.85986328 
-1802.81896973 
-1566.78869629 
-1132.17895508 
-814.47088623 
-255.763839722 
515.669128418 
440.933349609 
-501.576477051 
-501.576477051 
593.178894043 
1122.72802734 
913.336791992 
1250.21398926 
2048.34765625 
1434.26416016 
1434.26416016 
3001.29296875 
4040.64550781 
3396.41455078 
3529.29370117 
3570.27783203 
4964.69287109 
3553.32226562 
4990.17138672 
5075.51708984 
-4328.52978516 
-4328.52978516 
-3913.04223633 
9460.14160156 
-1607.67993164 
5211.140625 
3726.31225586 
3726.31225586 
1940.4777832 
4240.00195312 
3022.46118164 
4854.12011719 
4891.93554688 
3608.86669922 
3608.86669922 
4974.55664062 
4974.55664062 
4195.97558594 
3017.0637207 
4011.02416992 
118.057106018 
2088.35839844 
2700.67529297 
1971.03369141 
1563.78723145 
570.308227539 
-2040.75866699 
409.17098999 
-146.047073364 
-1577.26855469 
-3320.83081055 
-3861.33691406 
3923.05200195 
3923.05200195 
-3012.97338867 
-2999.32275391 
-3080.40820312 
4193.88232422 
7294.39160156 
-1572.1484375 
-3395.43847656 
-4663.03857422 
-2408.67236328 
-2471.92895508 
-3085.6418457 
-2967.88964844 
-3105.54223633 
7758.39404297 
-6293.41162109 
-4959.01123047 
-5295.39599609 
-7071.42138672 
-3733.73291016 
-3859.57617188 
-3956.41699219 
-5329.34765625 
-2192.16333008 
-4268.32275391 
-4341.27001953 
-5304.85888672 
-3792.30908203 
-5537.15771484 
-1358.28942871 
-3288.73852539 
2609.42749023 
-3801.31494141 
-3751.81689453 
-3089.9140625 
-3822.54907227 
-3378.4543457 
-3337.15551758 
80.7588806152 
-2735.35571289 
-570.254760742 
-2634.1953125 
-2073.55371094 
-311.480499268 
-5762.01367188 
-7054.54589844 
-516.96081543 
40.6471405029 
40.6471405029 
-464.627593994 
2324.4519043 
-175.844360352 
673.775939941 
673.775939941 
1092.39770508 
-1074.06542969 
2564.76342773 
1617.25805664 
4213.36914062 
-5596.63037109 
-2526.0222168 
1897.73986816 
-8233.05761719 
2120.43261719 
3297.73364258 
3275.84814453 
3114.63183594 
3082.40234375 
-5476.72509766 
3107.49584961 
4688.74853516 
2728.65820312 
2748.02124023 
4522.49707031 
4522.49707031 
5641.41455078 
5060.99365234 
2948.70556641 
3752.3112793 
3453.50244141 
2484.00366211 
3454.90307617 
5334.18164062 
3613.15576172 
2360.63476562 
2360.63476562 
2219.71899414 
4050.69165039 
5246.96337891 
-4428.328125 
5374.51904297 
4104.79931641 
3859.55102539 
3563.0793457 
2481.20507812 
794.808288574 
3352.62817383 
3523.19042969 
3510.58862305 
1016.40301514 
1252.3112793 
730.420227051 
2544.04321289 
217.35017395 
-112.222862244 
1947.72143555 
-171.186569214 
-727.157897949 
2714.18017578 
2559.94750977 
2559.94750977 
-375.720672607 
1969.53662109 
1172.53063965 
-1509.30090332 
1598.79418945 
1791.70043945 
1252.32385254 
2717.56640625 
-1584.00134277 
-1956.34753418 
-2094.22094727 
1151.72241211 
-2522.70239258 
1438.78100586 
-3532.88745117 
-832.678588867 
-933.745300293 
-884.725585938 
-4034.63745117 
-1598.89001465 
-995.471435547 
-1716.32385254 
-2411.91064453 
-1589.36010742 
-1774.93078613 
-3610.47607422 
-2854.39379883 
-2154.90600586 
-3370.18701172 
-3370.18701172 
-3370.18701172 
-6540.01953125 
-5735.171875 
-3614.04248047 
-3614.04248047 
-2935.21142578 
-3025.59472656 
-3406.29663086 
-3401.20166016 
-4595.72998047 
4891.28466797 
-5709.30371094 
3494.62280273 
-7797.29736328 
4214.90722656 
-4847.85644531 
-2876.36132812 
-3555.85449219 
-4897.53271484 
-2155.58764648 
-1984.68579102 
-1123.1907959 
-1847.29418945 
-1224.9855957 
-1224.9855957 
-1737.89465332 
-713.098693848 
-713.098693848 
-2686.84716797 
-2586.83007812 
-2586.83007812 
-3523.17163086 
-3839.57983398 
1516.51782227 
-4164.68847656 
1083.42663574 
-2121.33837891 
-372.241973877 
-2243.96289062 
-2236.3269043 
977.993835449 
-3051.74951172 
-2337.91479492 
1250.74584961 
1250.74584961 
1010.72589111 
-604.346130371 
-4925.08837891 
-6082.11132812 
205.853393555 
134.783798218 
973.735534668 
2360.95581055 
1329.67529297 
339.126556396 
3314.4309082 
3124.58447266 
-789.75579834 
2052.52783203 
4642.0390625 
2984.58422852 
3202.89135742 
-1083.33056641 
2606.85473633 
1983.06274414 
2230.79052734 
5970.49414062 
4118.32324219 
-7235.06591797 
3311.09423828 
3908.77954102 
3130.00708008 
-5832.46386719 
-408.851715088 
3171.4699707 
4220.82421875 
-1358.42883301 
4432.33691406 
-4606.86767578 
5441.02441406 
3732.64331055 
-3341.51171875 
4039.41992188 
4039.41992188 
3638.6640625 
1587.14233398 
3880.13183594 
3672.80541992 
3481.98632812 
3431.96044922 
3306.93286133 
3308.44702148 
515.467590332 
396.834320068 
2755.15380859 
-224.685577393 
-241.938552856 
3358.12524414 
3358.12524414 
-965.169250488 
2225.73754883 
-66.146522522 
2769.88525391 
-1591.66564941 
1132.19519043 
-1081.09838867 
515.59942627 
515.59942627 
515.59942627 
388.816558838 
-943.74005127 
-327.550384521 
-3154.1027832 
-2934.65869141 
-3365.46875 
7252.25097656 
3790.19580078 
4091.75463867 
3664.42553711 
-5918.20751953 
-3495.96972656 
-4318.78662109 
-3186.63061523 
-3192.73046875 
-7679.79833984 
-5660.84033203 
-6038.71337891 
-4533.66113281 
-3938.15673828 
-4089.07983398 
-4148.84619141 
-4185.54052734 
-4230.10498047 
-4387.4296875 
1517.00390625 
466.54574585 
466.54574585 
-8641.76757812 
-3077.40869141 
-2034.05249023 
-1166.01171875 
-865.49407959 
-764.232116699 
2082.51147461 
-1031.47387695 
-758.627075195 
-1266.17419434 
-1353.69763184 
-1568.83374023 
-2269.72509766 
-2294.47094727 
-2164.33300781 
-2090.82641602 
586.215332031 
1106.49951172 
1180.80993652 
-1035.2644043 
-30.3527450562 
-398.355224609 
-399.090545654 
2546.11450195 
3392.00537109 
754.100463867 
-2055.29370117 
4778.63330078 
1018.27020264 
4036.33203125 
5689.67285156 
3676.43383789 
-5725.60302734 
-1507.12890625 
4403.50146484 
2468.99682617 
2524.51464844 
2524.51464844 
3528.27026367 
5197.70751953 
7658.26464844 
8191.09521484 
3661.05883789 
3600.06542969 
3205.37768555 
5547.32861328 
-970.767883301 
6467.0 
4057.68798828 
2564.41479492 
2559.79760742 
2559.79760742 
-2505.58691406 
-659.551147461 
4227.15478516 
3707.19873047 
1605.1763916 
1412.07165527 
3070.34399414 
4331.73632812 
688.973754883 
688.973754883 
-1725.88415527 
2356.81005859 
-157.682754517 
-577.506896973 
3109.18164062 
-1162.5769043 
1405.95251465 
-897.512207031 
1127.68041992 
1127.68041992 
1410.73181152 
1420.11499023 
1255.49682617 
600.110229492 
704.598937988 
-1420.57092285 
-351.289459229 
-4326.16796875 
-3108.28540039 
2291.95947266 
-6235.70410156 
-3487.30493164 
-4566.77685547 
-4274.40722656 
-4274.40722656 
-3867.91162109 
-2429.35595703 
-3386.60498047 
-3619.35400391 
-3608.62719727 
4848.99462891 
-2982.76757812 
-4108.34375 
-3417.49414062 
-1337.00891113 
-1337.00891113 
-4925.36523438 
-4925.36523438 
-3461.359375 
-3461.359375 
-4559.29736328 
1435.25854492 
515.254394531 
515.254394531 
-3277.0246582 
336.844177246 
-1364.98193359 
1645.9708252 
-4300.50976562 
-5208.83203125 
-3507.0793457 
-1455.54309082 
-2645.74145508 
-1247.40930176 
1325.3302002 
2680.60205078 
-3133.23535156 
-1398.88989258 
-813.950256348 
-3337.62524414 
-5157.41503906 
-439.947509766 
-3849.25268555 
649.439880371 
473.942077637 
887.127624512 
912.551574707 
-1045.42541504 
-1045.42541504 
1452.89074707 
-1354.1451416 
-2929.51904297 
2397.96508789 
-304.93182373 
110.439857483 
2717.48461914 
-1500.91699219 
2344.58032227 
2536.93139648 
-804.487365723 
2262.90087891 
-2269.94995117 
-6854.78417969 
3084.27490234 
3118.53588867 
2142.25561523 
2799.03417969 
486.210449219 
486.210449219 
-3217.42358398 
4168.20556641 
3139.34667969 
2709.99584961 
3419.02441406 
2892.64428711 
6531.05419922 
4735.09765625 
3814.07299805 
-3804.69238281 
4006.16577148 
2755.76489258 
2808.68115234 
4093.23388672 
4187.99267578 
2371.46606445 
4432.69775391 
4341.37939453 
-3354.83789062 
6013.078125 
-7133.69482422 
3082.36328125 
-4386.14355469 
8747.35839844 
-1325.91064453 
9470.20800781 
5638.74560547 
2081.60961914 
2088.03808594 
2754.91821289 
1078.92907715 
-2757.9855957 
4900.1640625 
-4232.64160156 
2447.49169922 
-4695.55175781 
-1655.68444824 
5298.80761719 
-3324.2097168 
-4408.28710938 
1657.49951172 
989.043701172 
2166.55322266 
812.060974121 
3060.63745117 
-2940.77978516 
-2578.86865234 
-2549.77539062 
793.923400879 
3485.87182617 
1928.69604492 
-2014.22973633 
497.8175354 
120.323440552 
-723.673400879 
-1344.1385498 
246.353057861 
246.353057861 
941.10760498 
-857.004638672 
1348.20544434 
-1447.22814941 
1141.00964355 
720.077575684 
-1744.12634277 
-827.571594238 
-2270.16992188 
-2422.02368164 
-2968.78955078 
-1500.20825195 
-1500.20825195 
-2722.68945312 
-3068.02075195 
-1160.4453125 
-1160.4453125 
-3084.43408203 
-4222.18945312 
-2243.18432617 
-3425.70898438 
-716.647399902 
-2853.671875 
-2903.79858398 
-2812.21899414 
-1824.04553223 
-2250.50146484 
98.9372940063 
-6189.39111328 
-7352.75830078 
4580.42382812 
-6023.984375 
-5144.10107422 
-3782.53222656 
-1327.39929199 
-1694.56921387 
3663.70996094 
-2339.37255859 
-2287.81860352 
2869.51293945 
-2428.3671875 
-2428.3671875 
-6133.62939453 
3144.62402344 
-2659.38549805 
-2659.38549805 
-5342.81103516 
-3381.29077148 
6192.91601562 
6673.2734375 
-2256.95849609 
-1732.71789551 
-1732.71789551 
1247.79919434 
1279.76525879 
-4692.24365234 
607.015563965 
-3570.69799805 
-1549.21850586 
-392.839752197 
3076.90063477 
-2479.47167969 
-82.5414428711 
-727.520263672 
98.2557525635 
-1892.91931152 
394.421264648 
2502.16088867 
-1266.72399902 
470.551971436 
-1985.86047363 
-1608.91223145 
-1608.91223145 
-1290.82507324 
-1274.58361816 
-1259.36279297 
980.412658691 
980.412658691 
1671.62792969 
531.504211426 
1485.74951172 
2374.95703125 
290.99432373 
-7.53702783585 
108.777381897 
2328.36181641 
2328.36181641 
-2533.4609375 
1360.16113281 
3394.62255859 
3245.80615234 
1996.05541992 
984.639465332 
-1380.14685059 
1551.92114258 
2076.30151367 
1232.70861816 
3294.70458984 
3177.35791016 
2169.32861328 
2756.86987305 
4341.75537109 
-3781.640625 
1359.63208008 
3656.21704102 
2533.38330078 
4459.37304688 
3635.70336914 
2399.5859375 
-805.319152832 
4640.125 
3316.79931641 
6909.55419922 
2989.52270508 
3281.1809082 
3368.88525391 
2086.4375 
3309.90698242 
-2254.73388672 
6996.39746094 
3538.17138672 
5309.01464844 
2323.83984375 
2190.86499023 
2893.08276367 
3107.48339844 
2883.08447266 
2617.2824707 
1026.64282227 
1026.64282227 
284.718322754 
1552.09472656 
-3860.93334961 
476.757965088 
-2350.87841797 
-2157.41479492 
1161.73352051 
563.981689453 
-70.9867324829 
-3725.78076172 
1008.02319336 
2359.15039062 
2345.35668945 
173.741500854 
111.8567276 
-655.806640625 
1637.34265137 
-185.090576172 
2195.89599609 
-146.811401367 
-170.686508179 
3299.45947266 
1814.18066406 
904.069702148 
-1420.77868652 
-561.731933594 
-684.149475098 
-684.149475098 
-684.149475098 
989.16784668 
-1787.74511719 
-1663.45507812 
221.079162598 
-597.041137695 
675.627990723 
-1080.91516113 
99.96875 
-2245.40600586 
-2984.12963867 
-2230.86816406 
-2590.49804688 
-2738.27563477 
-2914.88989258 
-2396.24365234 
-817.102661133 
-1122.99743652 
-2538.29248047 
2272.88867188 
1665.0369873 
2975.45996094 
1509.96594238 
-2886.19604492 
-3799.72119141 
-2072.27929688 
-2786.3034668 
-4527.93359375 
-2344.9519043 
-1297.45251465 
-1297.45251465 
-2066.51391602 
-2601.76391602 
-2706.00170898 
-3894.84179688 
-3015.69750977 
-2831.0300293 
-2142.89941406 
-3181.58056641 
-2309.22729492 
-2950.51879883 
-3144.89331055 
-2398.24560547 
-6380.56494141 
-1942.36083984 
4184.17529297 
-2996.53125 
-3593.82128906 
-3593.82128906 
-2891.58178711 
-2407.06591797 
-3415.71386719 
-5628.09619141 
-3142.44873047 
2124.19042969 
1994.5255127 
1939.19458008 
-2240.49609375 
-311.599182129 
2302.22973633 
762.738769531 
-2235.47387695 
-2167.9074707 
1175.7824707 
1175.7824707 
-1177.91174316 
-1177.91174316 
2296.68066406 
1166.41748047 
-380.631744385 
1579.53466797 
2015.43444824 
2015.43444824 
973.866638184 
-417.644195557 
-6.12920427322 
1774.99487305 
891.56463623 
1950.60498047 
-1.09067780849e-11 
-1.09067780849e-11 
2847.27929688 
-882.382263184 
1381.74023438 
1381.74023438 
473.597503662 
315.623443604 
514.60546875 
631.069335938 
1018.14379883 
1018.14379883 
2871.9074707 
1872.23510742 
-2852.69580078 
4334.13476562 
4030.23266602 
-2760.97558594 
2342.24243164 
2904.85424805 
-2559.22436523 
2601.82714844 
795.580505371 
2047.02978516 
2047.02978516 
3525.41918945 
5544.37207031 
2057.4855957 
2677.2434082 
1722.07226562 
2385.00683594 
2385.00683594 
6283.33349609 
4119.29345703 
4119.29345703 
3427.19506836 
2674.82055664 
2623.42407227 
2962.30859375 
2059.7956543 
3340.20214844 
1442.34912109 
2801.45874023 
1307.35693359 
3800.57299805 
-3948.32470703 
481.366973877 
481.366973877 
-3356.78295898 
2087.49389648 
2416.83813477 
1006.33776855 
278.455871582 
4846.42382812 
-1022.33300781 
3080.51147461 
3080.51147461 
3080.51147461 
800.063476562 
2219.23657227 
-1130.31762695 
957.72479248 
2235.66894531 
-2093.79785156 
-4089.36889648 
-452.511047363 
-424.429138184 
218.326049805 
-746.471923828 
-1273.05236816 
1576.16625977 
-1003.48431396 
-935.137634277 
-1651.07885742 
-1965.73120117 
-2006.01843262 
257.477294922 
-15.3699321747 
-1393.96142578 
-2198.77172852 
-685.519470215 
-695.535705566 
-2630.65869141 
-2001.74609375 
-81.513999939 
-1079.47619629 
-520.491027832 
-2996.28491211 
-3223.10498047 
-4458.31494141 
-5360.61035156 
1495.66894531 
-5317.14501953 
1809.18310547 
-5260.31738281 
-3742.26293945 
-3553.27246094 
-4332.31347656 
-3562.69775391 
862.640075684 
326.56362915 
379.098266602 
-3144.45410156 
-2393.44726562 
-2610.73266602 
-1895.39489746 
-4487.74658203 
-2625.18017578 
3217.14233398 
2451.76782227 
-2719.99536133 
-2887.01806641 
3834.33056641 
-4406.2109375 
3031.18969727 
3031.18969727 
-3731.83569336 
1343.80102539 
1343.80102539 
-2926.91113281 
-5038.57714844 
-1707.8984375 
-1707.8984375 
-2021.37060547 
-3168.62915039 
-1772.52416992 
4016.40722656 
-710.99420166 
-1724.06274414 
-1396.28833008 
3314.078125 
3006.2644043 
-3781.82275391 
-3307.23852539 
-2304.91333008 
1185.20385742 
-2124.65356445 
797.387329102 
1682.24072266 
-2676.71557617 
725.426452637 
-719.774780273 
-886.641723633 
-3167.75830078 
397.12008667 
390.710845947 
-460.237823486 
617.391601562 
23.9938106537 
-765.267211914 
817.772521973 
2770.20629883 
1441.87976074 
1347.70690918 
20.7777843475 
-449.378082275 
2236.53125 
1575.93103027 
1920.76208496 
-3.21837452793e-14 
1339.3963623 
590.147888184 
590.147888184 
1092.27429199 
630.532104492 
2930.0715332 
3986.05908203 
3986.05908203 
215.075500488 
4272.35351562 
1771.49060059 
6303.04931641 
6303.04931641 
6303.04931641 
-2253.04321289 
-869.461486816 
3214.35424805 
-1229.76745605 
2854.89306641 
5026.01367188 
6091.97705078 
-1325.06872559 
5852.51855469 
2468.73681641 
6493.76074219 
7029.00146484 
4256.44677734 
4077.75634766 
-3781.42700195 
-5012.22802734 
-2156.81884766 
2884.90405273 
-5496.64111328 
2892.26245117 
2590.8972168 
-3142.4309082 
4089.49609375 
3772.95751953 
3047.78173828 
-3250.22338867 
-3250.22338867 
1540.13525391 
1816.20251465 
-3907.43334961 
2612.08007812 
-3861.99707031 
-4150.88916016 
1387.31347656 
4584.60253906 
-353.176025391 
1060.38439941 
-2249.90893555 
-683.249572754 
1170.82580566 
1170.82580566 
164.642684937 
-3388.92504883 
-3144.63793945 
3173.22485352 
3024.69482422 
-3.52388412166e-18 
-3.52388412166e-18 
26.0360202789 
2859.95605469 
381.521118164 
-1003.18438721 
-1170.92089844 
-2930.42871094 
-555.480224609 
-3434.07055664 
-1300.37902832 
-1824.18664551 
-2397.84179688 
-38.3475151062 
393.864379883 
199.869491577 
-3359.06689453 
471.134460449 
-3772.26928711 
-1900.60595703 
-1767.47314453 
872.936950684 
-3582.42651367 
-213.336288452 
-3093.17993164 
353.530456543 
353.530456543 
353.530456543 
-3123.11230469 
-4973.00585938 
-4343.52001953 
-105.089248657 
-1538.27893066 
-4186.40625 
1613.3293457 
-3770.03515625 
1555.92272949 
-4894.69335938 
-3733.53100586 
-3733.53100586 
-3733.53100586 
-4351.16552734 
1463.65380859 
3362.01831055 
-2304.91943359 
-2458.29296875 
-2825.45629883 
2059.30224609 
-1.50081868126e-37 
-4038.51318359 
-4038.51318359 
1947.17102051 
-6210.2890625 
-1923.03198242 
-1981.61437988 
-4565.62939453 
1073.77331543 
-3142.46826172 
790.331359863 
1383.14953613 
-4960.09179688 
-5093.41845703 
-2233.00683594 
-6186.77539062 
-2623.97900391 
-3321.03369141 
1245.67590332 
-4830.84082031 
-2898.33886719 
1330.54675293 
2608.62060547 
-2165.39941406 
5289.11132812 
-3995.14233398 
-158.063491821 
6721.92529297 
-1097.10339355 
5543.16943359 
-2729.70166016 
206.082275391 
-3453.33984375 
649.348999023 
931.888977051 
-2235.37304688 
-2235.37304688 
1041.55102539 
1041.55102539 
196.859130859 
196.859130859 
1479.38354492 
1186.66906738 
1463.05163574 
1527.5045166 
98.2356262207 
-287.609527588 
2645.62573242 
2627.34033203 
2627.34033203 
2627.34033203 
719.797851562 
2642.92138672 
1915.96459961 
-217.652267456 
1986.33996582 
3271.15063477 
3271.15063477 
3671.75952148 
3547.18115234 
1983.67358398 
4767.10205078 
4277.82910156 
2777.69921875 
3805.35424805 
4163.56787109 
3357.26538086 
3728.12792969 
3898.18945312 
3474.6237793 
3297.80224609 
3581.42602539 
3416.88452148 
3416.88452148 
3652.54663086 
6030.10302734 
4140.06884766 
4140.06884766 
4567.15625 
3838.73657227 
4773.38623047 
4326.92236328 
4326.92236328 
-277.689056396 
5274.51318359 
3731.21948242 
-6442.85400391 
2084.3034668 
2084.3034668 
3370.3203125 
3377.9831543 
5448.65136719 
4067.4765625 
4067.4765625 
3201.42456055 
3058.80224609 
4369.30419922 
2569.55932617 
2219.56933594 
-2996.87817383 
2166.81933594 
1603.30883789 
3823.76464844 
4578.03662109 
-3863.42895508 
-5999.46923828 
2388.15649414 
2388.15649414 
-3659.94702148 
3685.5090332 
3134.94897461 
3134.94897461 
1370.29589844 
986.863525391 
2446.75366211 
690.090393066 
3037.48120117 
3785.93994141 
2074.42114258 
2765.92578125 
1853.14294434 
-411.718353271 
-295.839019775 
-364.780059814 
-5455.89990234 
-235.182342529 
-6147.41748047 
-1979.80761719 
-1073.34680176 
896.538696289 
-1599.58618164 
-758.09161377 
582.942016602 
-2165.27661133 
-224.463562012 
-2320.69433594 
-2417.00927734 
-1294.66516113 
-2658.86352539 
-3727.88891602 
-2951.60839844 
-3151.52441406 
-2756.09399414 
-3128.11865234 
-5130.78808594 
-3258.234375 
-951.369018555 
-1715.93554688 
-586.240844727 
-4892.49121094 
-4218.32421875 
-5145.90185547 
-1882.42712402 
-2087.24389648 
-3733.74072266 
-5666.74072266 
-4344.84179688 
330.838806152 
-2314.16137695 
-7488.33837891 
-7488.33837891 
-3925.59814453 
-3458.42749023 
-2316.97265625 
-2226.01074219 
-3925.02319336 
-3843.40722656 
-6029.9453125 
-3816.71875 
-4487.91796875 
-3830.33129883 
-4255.81933594 
-4189.45166016 
-4066.26635742 
-2766.78881836 
-2766.78881836 
-3515.93432617 
-3786.34155273 
-2740.35498047 
-3132.91357422 
-3072.65771484 
-2699.59423828 
111.121315002 
-2813.12744141 
-3579.78149414 
6.36559486389 
-4855.63427734 
-1138.41052246 
6067.28466797 
-4789.23486328 
-3407.84716797 
-371.488189697 
-335.06072998 
-225.557128906 
-150.228469849 
-111.586883545 
200.012695312 
-2460.56958008 
-749.131286621 
632.009460449 
-1197.40808105 
-3082.77075195 
911.95513916 
-1215.41040039 
1034.18310547 
-731.206176758 
-575.310058594 
3047.21313477 
-658.716247559 
-658.716247559 
20.9957904816 
2694.13183594 
2189.02856445 
4299.67871094 
3876.56396484 
2531.6015625 
-1143.55444336 
4632.53466797 
3526.30151367 
4375.43457031 
3218.71044922 
-614.271240234 
3235.89379883 
6581.98779297 
-168.552139282 
5216.32617188 
1227.08215332 
3819.77807617 
4561.86572266 
3103.95849609 
3995.03637695 
3767.53637695 
3153.84057617 
-132.930038452 
5473.22070312 
4157.17333984 
3365.06860352 
3993.40673828 
3993.40673828 
2903.84350586 
-1503.55810547 
5831.4453125 
-1168.70715332 
3890.43481445 
2532.078125 
-3597.11669922 
2475.95996094 
2475.95996094 
3319.53149414 
4926.97265625 
5054.05712891 
4793.92578125 
-6676.875 
-6676.875 
4459.62646484 
2813.5222168 
2212.90673828 
3993.10058594 
1956.70288086 
-6399.94433594 
-6399.94433594 
51.5516357422 
4281.1953125 
-7376.71679688 
3624.06225586 
3624.06225586 
-7852.58447266 
911.979431152 
558.887756348 
453.758789062 
-2997.43676758 
-3037.77636719 
2097.35473633 
3253.58959961 
730.206115723 
730.206115723 
-58.0588722229 
1790.12634277 
-520.520202637 
-7391.38037109 
-495.555114746 
-75.4556884766 
-7290.76123047 
-1140.66442871 
-1408.19067383 
-2202.01708984 
-1633.33215332 
-2298.43847656 
-3300.41455078 
-3588.45849609 
-2663.92773438 
-2348.56005859 
-1841.11462402 
-3003.47167969 
-1106.29431152 
-2796.55541992 
-2657.53271484 
-1872.88586426 
-3235.74633789 
974.481994629 
-3039.67285156 
-2311.46826172 
-1948.40795898 
-3808.76293945 
-3541.09228516 
-3541.09228516 
-4717.18066406 
-5652.35302734 
-4496.18066406 
389.304718018 
-3079.34912109 
-4342.40820312 
-4393.21044922 
-799.628479004 
-4668.65771484 
-4332.93310547 
-3485.65087891 
-3588.11254883 
-3588.11254883 
-4901.70654297 
-4806.62109375 
3903.27441406 
-5313.12451172 
-5128.38867188 
-7278.27294922 
-7528.51220703 
-2826.00341797 
-3005.49389648 
-3534.75024414 
-1970.14929199 
875.814453125 
-2761.30908203 
-6844.86474609 
-5320.66503906 
-3726.19189453 
-5173.96728516 
-2118.67773438 
-2138.02026367 
-5159.73193359 
-2719.01464844 
-3180.35961914 
-1901.67529297 
-1410.95397949 
430.366027832 
-2513.01269531 
-3517.37841797 
-3517.37841797 
-974.749023438 
-591.110412598 
-2144.24487305 
-1801.3996582 
523.666015625 
-1128.38879395 
-241.406509399 
-4088.50952148 
6978.44433594 
-991.548217773 
-991.548217773 
-568.91809082 
-358.033172607 
7395.21972656 
7331.71582031 
336.556182861 
7282.25634766 
1354.14575195 
1354.14575195 
7255.09277344 
1778.9510498 
2038.72351074 
1574.76196289 
786.469848633 
-445.768157959 
2267.55175781 
2127.80541992 
3683.10742188 
458.610717773 
5162.77246094 
2980.59619141 
4102.91601562 
4611.16796875 
4611.16796875 
3602.34326172 
3029.60791016 
3266.8137207 
4061.90698242 
1304.56005859 
-1225.6315918 
4219.31835938 
3593.69311523 
281.033416748 
3792.7890625 
2637.38696289 
4482.73388672 
3257.92749023 
4584.06201172 
4269.72314453 
3758.69287109 
4012.50927734 
1420.13183594 
3705.71508789 
3705.71508789 
4739.66552734 
3675.16210938 
4086.90527344 
-2898.04931641 
7089.84667969 
4683.33691406 
4643.45556641 
3042.45654297 
4415.05566406 
5522.44091797 
6272.62988281 
6380.77587891 
7209.99853516 
-2614.72119141 
5262.10351562 
-4069.13793945 
5166.04150391 
-4553.02490234 
4810.890625 
-4872.47460938 
-5042.34912109 
4437.95019531 
4440.30517578 
-5387.63769531 
-5570.86962891 
3993.86962891 
-5764.11621094 
-5911.77685547 
3285.88354492 
3145.30151367 
-6437.69873047 
-7154.40380859 
1296.82946777 
-545.562805176 
520.890258789 
3110.41796875 
190.865646362 
103.54724884 
2262.38330078 
732.04107666 
1499.05810547 
-1088.4888916 
533.146484375 
533.146484375 
-1601.50512695 
1219.15332031 
-697.804382324 
-1897.54663086 
-3496.2578125 
-6380.23339844 
-4486.59082031 
-6421.98291016 
-6441.04589844 
-6676.47558594 
-4990.44580078 
-6205.31640625 
-5593.47851562 
-5310.91455078 
-5357.76269531 
-3496.62426758 
-6176.66894531 
-4561.83251953 
-6340.20214844 
-4413.63574219 
-6728.07226562 
-6728.07226562 
-3221.28637695 
-2097.59130859 
-2366.60864258 
-1930.93395996 
-7073.93505859 
-1817.0411377 
-4506.63818359 
-3501.99755859 
-4748.86035156 
-350.894195557 
-5311.33300781 
-2019.97143555 
307.066680908 
-6163.93066406 
-4767.75732422 
-2374.02807617 
-3883.40991211 
-3909.1887207 
-2324.45629883 
-3810.9597168 
-2331.27416992 
-1122.26611328 
-3123.52734375 
-4.77269077301 
-3057.29150391 
19.82771492 
-4085.83178711 
-1785.07971191 
-3489.6965332 
-3489.6965332 
-1288.42346191 
-4485.75341797 
5298.22509766 
4744.80371094 
7566.88818359 
7741.75585938 
-2841.42358398 
-3232.89404297 
-537.23638916 
-2322.35595703 
-536.195617676 
-233.746841431 
-2231.31884766 
587.914123535 
956.249755859 
-1010.91259766 
-1267.39526367 
596.19329834 
-600.634155273 
8253.63769531 
-2006.1463623 
1567.24584961 
2023.64660645 
264.69128418 
179.39440918 
493.662597656 
3518.83837891 
-1351.78564453 
1931.80322266 
2057.88916016 
6755.11669922 
4970.96777344 
4998.69482422 
6144.46533203 
6160.1640625 
5520.13330078 
5860.30371094 
3485.44506836 
1870.83947754 
3071.19433594 
5413.73193359 
3543.03881836 
4936.30615234 
4936.30615234 
7260.89257812 
3844.40209961 
4450.75195312 
-720.224853516 
6111.86279297 
3757.55834961 
3965.49707031 
3441.09057617 
3441.09057617 
2433.97363281 
4353.51904297 
3150.88256836 
-34.0663757324 
3674.03369141 
4916.86328125 
2892.91015625 
1736.04138184 
6027.00830078 
6050.80322266 
-983.117736816 
5772.65771484 
5706.54882812 
5605.39208984 
5605.39208984 
-2307.00561523 
-3092.87133789 
4797.26611328 
4413.42089844 
-3788.42456055 
-4266.7734375 
3405.58056641 
306.153961182 
2228.34765625 
1405.39978027 
3395.52368164 
3047.21948242 
1485.49536133 
1825.55102539 
1421.12841797 
607.76550293 
-6808.50585938 
-6801.46337891 
-1066.51269531 
-1066.51269531 
-1288.34277344 
-7233.84130859 
-7488.61132812 
-2607.88891602 
-2800.81274414 
-3007.63623047 
-7493.88623047 
-7493.88623047 
-3927.8972168 
-3789.01513672 
-3789.01513672 
-3789.01513672 
-1054.13293457 
-3633.50195312 
-3441.84936523 
-3189.32739258 
-3865.53662109 
-3843.61132812 
-3843.61132812 
-2325.39672852 
-2491.58447266 
-3175.05834961 
-4724.83203125 
-1924.1307373 
-3643.32397461 
-3643.32397461 
-3380.64111328 
-3380.64111328 
-6982.33544922 
-4985.34960938 
-5199.96142578 
-2974.61889648 
-2067.71655273 
-1967.96057129 
-1925.61560059 
-3302.35351562 
-4325.03320312 
-3158.69335938 
-2865.48095703 
-3006.29858398 
-2857.97973633 
-70.6085891724 
-70.6085891724 
-1354.54138184 
3123.45922852 
-1038.97790527 
0.230689227581 
-5352.4765625 
-2355.64208984 
-923.945739746 
-4142.99023438 
3470.9921875 
-3851.70849609 
-3734.31445312 
3822.83691406 
500.515625 
-1271.5201416 
97.8826828003 
147.163574219 
-324.558990479 
47.2913742065 
-1646.02856445 
-92.2619171143 
643.140563965 
387.18057251 
-3176.99072266 
129.13458252 
-2984.43896484 
501.008453369 
-2054.54125977 
2548.5534668 
997.563110352 
1917.4588623 
473.842681885 
2746.57250977 
350.579650879 
111.813819885 
3405.4152832 
3405.4152832 
3117.03540039 
2314.23754883 
5004.5390625 
2420.35668945 
2003.99694824 
6230.21289062 
4320.37548828 
2573.13989258 
3691.32788086 
4619.79052734 
4884.95605469 
2235.01098633 
3639.64697266 
2347.18457031 
3905.53369141 
6195.375 
4205.77148438 
4205.77148438 
3755.54833984 
3789.75854492 
7266.53710938 
1173.40698242 
4828.65380859 
3811.37402344 
2350.71386719 
6581.72363281 
6581.72363281 
330.057067871 
1699.40429688 
4305.32617188 
3204.60791016 
7208.13671875 
6754.67236328 
1955.7779541 
1635.84313965 
5835.97119141 
2837.88378906 
1633.09057617 
999.046203613 
1766.6151123 
1766.6151123 
1817.80126953 
-347.657012939 
2902.34814453 
2832.63500977 
2496.53662109 
2392.23828125 
2392.23828125 
2292.78344727 
196.162109375 
2385.51513672 
-535.398132324 
2084.61865234 
-62.1212425232 
1577.10864258 
-788.430358887 
-1586.88452148 
282.885284424 
104.181854248 
452.698913574 
413.930786133 
-788.618164062 
-7930.72363281 
-3.25308704376 
-3.25308704376 
-773.765686035 
-2620.74560547 
-2844.02319336 
-564.224487305 
-417.733337402 
-2227.73779297 
-3594.63574219 
-271.635284424 
-428.982025146 
-2017.32226562 
-1469.15771484 
-3016.86889648 
-4713.94824219 
-1768.69274902 
-3008.79296875 
-3677.08325195 
-4453.51513672 
-2336.9609375 
-3115.34716797 
-7399.67285156 
-5798.67138672 
-873.442199707 
-873.442199707 
-3272.99584961 
-3685.2746582 
-1184.29052734 
-3956.74804688 
-1163.74121094 
-3677.8828125 
-2806.62939453 
-4175.67480469 
-4605.02197266 
-4181.8125 
-2725.26049805 
-2725.26049805 
-1578.59777832 
-1578.59777832 
-5310.70361328 
-2469.72705078 
-4400.08789062 
-2040.00952148 
-2040.48730469 
-1040.92285156 
-3201.25 
-5690.08447266 
-3240.03515625 
-3684.37792969 
-991.403564453 
-664.944274902 
324.077331543 
-2355.47485352 
-749.164916992 
-749.164916992 
2165.25732422 
-2909.99609375 
350.565368652 
1058.51635742 
2734.60644531 
13.2246236801 
2846.64770508 
-1443.30578613 
1212.99035645 
1528.72277832 
1547.27282715 
574.486083984 
-938.552001953 
-938.552001953 
2311.14306641 
2380.07080078 
8919.16601562 
3529.17919922 
752.616333008 
2991.17358398 
1479.25720215 
1365.87768555 
3273.5715332 
3757.06884766 
7219.56445312 
5972.56494141 
3613.83056641 
3520.42382812 
3752.95507812 
3603.45483398 
3603.45483398 
7792.25 
4907.57177734 
5423.47412109 
6523.62060547 
3713.32641602 
4223.61523438 
3661.93505859 
2337.13549805 
4206.15625 
4206.15625 
2949.42529297 
2304.84765625 
2044.2545166 
2188.42895508 
2812.5690918 
3089.35205078 
-297.988616943 
3925.08642578 
1284.3717041 
6339.96777344 
-234.261245728 
3991.75146484 
782.308044434 
1749.75476074 
396.791992188 
2621.79394531 
2621.79394531 
299.472747803 
-4052.04858398 
5101.07714844 
4335.03613281 
3187.22827148 
3187.22827148 
2932.58300781 
2650.97973633 
656.278137207 
2848.36791992 
2359.73510742 
1952.45983887 
-1164.94750977 
-4318.73095703 
-2072.15917969 
-3219.73266602 
-3219.73266602 
-1773.85998535 
411.63104248 
135.058776855 
-28.1606788635 
76.3305053711 
-110.299476624 
-2568.56835938 
-2568.56835938 
-3380.25805664 
-3845.12866211 
-2003.54077148 
-1813.18713379 
-1461.96801758 
-3207.92431641 
-3971.72192383 
-3834.37182617 
-3834.37182617 
-2830.34277344 
-4975.97412109 
-3378.26586914 
-1560.33520508 
-5181.79541016 
-4550.37744141 
-5596.53808594 
-2908.40332031 
-3155.58959961 
-4050.62231445 
-4061.28393555 
-5659.68164062 
-3938.12011719 
-4218.41552734 
-4843.23632812 
-1869.03918457 
-1886.68481445 
-1764.27258301 
-4195.12597656 
-7181.96191406 
780.047912598 
-3381.89599609 
-3381.89599609 
-3571.16162109 
-201.85043335 
-3622.65722656 
-2718.59301758 
-4405.33691406 
-1943.69018555 
-3146.48950195 
6232.67919922 
-2217.97363281 
6919.25048828 
-2230.74365234 
-902.41204834 
-1075.24279785 
-1075.24279785 
2038.43395996 
-713.417724609 
7647.72460938 
-434.481414795 
263.521820068 
7013.67529297 
7013.67529297 
7013.67529297 
7013.67529297 
4061.80371094 
2791.27856445 
1539.16113281 
1439.47436523 
1552.90930176 
1831.08703613 
1912.99414062 
2000.31140137 
2084.45068359 
4069.44238281 
3942.89990234 
6756.84277344 
4819.63867188 
4395.89892578 
4395.89892578 
3107.11523438 
2457.16357422 
6319.80419922 
5581.63623047 
5581.63623047 
6463.33203125 
5206.97851562 
3661.72509766 
4757.39208984 
2282.42773438 
2493.56152344 
3758.62866211 
4151.95117188 
5470.44091797 
-1017.3916626 
2237.37597656 
2025.47851562 
3421.3605957 
3421.3605957 
4406.20703125 
988.903320312 
1584.54101562 
3940.66455078 
841.422851562 
5336.86279297 
-3722.36474609 
3708.37744141 
3303.46801758 
115.669471741 
-1250.43408203 
1490.93371582 
1937.56347656 
1782.50012207 
-594.335998535 
514.929077148 
514.929077148 
3121.26782227 
-678.588378906 
-236.809402466 
-2879.42724609 
-1305.08776855 
-1565.40466309 
1522.23083496 
1274.68579102 
176.882949829 
144.696090698 
-262.55847168 
317.664855957 
-249.226272583 
-7304.06445312 
-923.462097168 
1222.03491211 
-2260.19287109 
9.69455051422 
673.720458984 
-4376.06396484 
-3155.81860352 
-1541.74023438 
-3554.55981445 
2805.92797852 
-1986.63464355 
-5920.43505859 
-4094.52978516 
-4148.22558594 
-3272.64379883 
-4917.91845703 
-3949.91088867 
-4397.99804688 
-3159.23901367 
-4568.19091797 
-3452.29394531 
-4650.46191406 
-7696.83837891 
-5771.62988281 
-3866.30371094 
-4161.18310547 
-1200.75683594 
-5906.52099609 
-1825.63574219 
-4374.48535156 
-2337.37402344 
-1121.421875 
-2403.07495117 
-842.27545166 
-744.200317383 
90.4628753662 
-2855.43188477 
-687.631469727 
-687.631469727 
-4205.59814453 
-2573.27563477 
-2573.27563477 
759.284973145 
-2713.55688477 
222.752853394 
-2827.49438477 
-2074.71972656 
233.324417114 
389.41595459 
1064.75012207 
-1637.48681641 
-2084.37719727 
1369.7331543 
-832.622436523 
-998.901245117 
1791.71655273 
1624.33007812 
527.780700684 
1042.51977539 
1042.51977539 
71.4754943848 
2860.69335938 
1219.19897461 
1064.3470459 
5440.16357422 
2907.69042969 
2907.69042969 
2433.10742188 
3897.19262695 
1337.12402344 
4404.65478516 
4777.86767578 
3928.94287109 
3037.46582031 
3036.65673828 
4142.47119141 
4731.73046875 
-2780.60791016 
5304.27636719 
4502.33837891 
4578.36474609 
3653.47094727 
2428.02929688 
4356.84228516 
6462.20947266 
3901.57128906 
2451.8359375 
2451.8359375 
5968.42919922 
4683.60986328 
4972.875 
4972.875 
4839.99755859 
4369.23828125 
3000.83007812 
4202.86328125 
3415.35839844 
3415.35839844 
-4101.95458984 
-776.938659668 
-776.938659668 
-4610.00292969 
-5422.88427734 
3177.08984375 
1395.49987793 
1395.49987793 
234.466522217 
2438.27563477 
-2878.56420898 
1385.29846191 
-3711.89501953 
238.182403564 
-4373.73974609 
-582.950134277 
-4064.82470703 
-2790.60864258 
-3195.20507812 
838.925598145 
-2473.55566406 
-176.593139648 
-446.199707031 
-2024.07897949 
-4947.49755859 
-3330.33349609 
-3009.53100586 
-3146.63061523 
-4521.77978516 
-3651.0703125 
-3758.73803711 
-3157.65307617 
-3642.38061523 
-6368.81640625 
-3869.77416992 
-5009.68798828 
-4535.48876953 
-4535.48876953 
-4795.0703125 
-3899.7746582 
-5187.81347656 
-5468.30761719 
-4864.45898438 
-4553.17382812 
-4726.49316406 
-4569.88085938 
-4557.66210938 
-4526.95410156 
-4508.45898438 
-4446.69189453 
-4412.73583984 
-4353.02636719 
-4259.89257812 
-3983.87573242 
-3941.14379883 
-3842.88647461 
-3801.13671875 
-3707.89648438 
-3405.51269531 
-3128.57373047 
-3078.81152344 
-2828.58984375 
-2257.4284668 
-2032.41540527 
-1921.6697998 
-1691.86181641 
-1691.86181641 
-1531.49621582 
-854.370666504 
-743.23614502 
-291.273101807 
-177.267913818 
-62.9114379883 
52.5449943542 
280.131530762 
1155.98571777 
1270.57958984 
1380.08679199 
1479.95288086 
1577.9921875 
1780.70788574 
2177.05224609 
2377.96240234 
2476.62670898 
2572.02978516 
2757.83544922 
2848.35864258 
3466.94726562 
3708.23461914 
3847.60888672 
3912.35473633 
4108.77148438 
4194.65429688 
4194.65429688 
4189.05419922 
4209.57128906 
4262.96484375 
4339.08349609 
4421.55761719 
4427.39111328 
4426.76708984 
4580.55224609 
4645.63720703 
4657.53466797 
4645.08105469 
4629.86572266 
4560.20751953 
4514.37402344 
4519.61376953 
4464.93261719 
4375.64501953 
4375.64501953 
4293.58154297 
4086.75585938 
3774.90649414 
3201.16577148 
3120.42114258 
2866.63085938 
2597.52148438 
2414.3347168 
2212.77099609 
2101.53686523 
1990.58898926 
1701.71594238 
1496.72912598 
1496.72912598 
1283.00073242 
1059.05493164 
957.843933105 
957.843933105 
635.590332031 
453.746643066 
303.669311523 
-135.178146362 
-903.654724121 
-1334.81518555 
-1438.22961426 
-1651.08935547 
-1651.08935547 
-1824.76306152 
-1926.51293945 
-2127.99023438 
-2495.60449219 
-2583.41015625 
-2922.43334961 
-3358.95703125 
-3725.23803711 
-3784.61767578 
-3832.7512207 
-3929.65527344 
-4156.59814453 
-4156.59814453 
-4259.76171875 
-4395.66503906 
-4431.98974609 
-4472.58251953 
-4521.13330078 
-4530.16845703 
-4534.40332031 
-4534.40332031 
-4521.48486328 
-4511.26806641 
-4511.26806641 
-4369.87939453 
-4334.15039062 
-4268.63671875 
-4156.02490234 
-3925.62158203 
-3622.13208008 
-3430.36352539 
-3218.13745117 
-3052.09082031 
-2585.34350586 
-2338.87548828 
-2155.71899414 
-1958.53222656 
-1850.63903809 
-1458.53796387 
-1348.39685059 
-1131.55761719 
-926.598083496 
-816.919433594 
-179.733062744 
255.788406372 
365.656219482 
808.555297852 
1107.51782227 
1305.3046875 
2038.08007812 
2265.64672852 
2419.74365234 
2515.84765625 
2771.8671875 
2860.50024414 
2925.98583984 
3240.68579102 
3762.99755859 
3835.52294922 
3903.35620117 
3958.40161133 
4059.57543945 
4169.1015625 
4351.60839844 
4665.5234375 
4491.03320312 
4441.78808594 
5232.39160156 
-5245.14746094 
-4884.7578125 
-1738.26721191 
7185.81542969 
7055.34912109 
7055.34912109 
6478.20068359 
-7569.26953125 
5375.69287109 
4543.52197266 
-1543.40661621 
-6752.81054688 
6013.37353516 
-249.630004883 
3328.47729492 
2431.04638672 
1996.24267578 
2077.12841797 
1878.20336914 
1878.20336914 
1644.7401123 
1187.21569824 
723.261108398 
529.308288574 
-384.943695068 
-384.943695068 
-953.755371094 
-1004.75921631 
-1287.12011719 
-1923.21252441 
-1923.21252441 
-2301.66625977 
-2498.61010742 
-2498.61010742 
-2498.61010742 
-3009.91992188 
-2975.19140625 
-3158.24389648 
-3297.92919922 
-3707.6784668 
-3863.41748047 
-3863.41748047 
-4029.75512695 
-3876.26513672 
-4265.66943359 
-4265.66943359 
-4073.57983398 
-4575.61669922 
-4438.74511719 
-4108.02050781 
-3789.21264648 
-3967.40258789 
-3614.66162109 
-3429.74609375 
-3289.02172852 
-3184.3984375 
-3214.51025391 
-3029.96923828 
-3029.96923828 
-2574.1315918 
-3248.43115234 
-4992.28027344 
817.656616211 
-5796.64355469 
-5439.53662109 
598.225646973 
7364.62353516 
3114.4375 
-1358.72070312 
-617.639648438 
-414.764160156 
-420.509979248 
1544.85913086 
696.528198242 
939.469970703 
1085.59558105 
1246.16052246 
1521.68383789 
2474.69970703 
2542.296875 
2587.96923828 
2909.7902832 
3244.22631836 
3212.88842773 
3610.4309082 
3772.91845703 
3872.62060547 
4237.30517578 
4372.08398438 
4489.17675781 
4489.17675781 
4453.93212891 
4511.99755859 
-769.161315918 
5241.87451172 
6301.20849609 
3966.63452148 
5833.57763672 
4034.39428711 
4034.39428711 
6651.85742188 
5141.39746094 
5089.99902344 
5089.99902344 
-3169.40087891 
-3169.40087891 
5211.56542969 
-1781.33129883 
-1781.33129883 
-4933.86279297 
4414.19335938 
4806.4453125 
4806.4453125 
4257.75390625 
-4606.30517578 
1022.41333008 
1082.86999512 
1262.17163086 
4742.05419922 
3561.5793457 
1394.32250977 
1026.93212891 
1030.16894531 
-503.378631592 
-250.840438843 
-451.389648438 
-721.730407715 
-56.8027534485 
-1060.53649902 
-1606.47143555 
-346.405517578 
-2633.09350586 
-1705.24389648 
-5023.82519531 
-1128.3536377 
-1887.0267334 
131.294494629 
-4286.90185547 
-5122.27685547 
-2179.65307617 
-5360.71972656 
-4677.93115234 
1980.47143555 
-5928.83154297 
-5928.83154297 
322.484344482 
-2046.20581055 
-1824.40087891 
-1398.96801758 
-3772.48046875 
-4197.97851562 
-4991.51708984 
-4533.01123047 
-4613.99267578 
-4613.99267578 
-3981.03588867 
-3981.03588867 
444.022521973 
-6612.04296875 
-6612.04296875 
-5389.68554688 
-4203.28955078 
-3907.14013672 
-3915.48486328 
-5635.984375 
-6825.27441406 
-3744.15039062 
-4289.63232422 
-3534.41113281 
-3521.59350586 
967.219543457 
-4802.94580078 
-979.087036133 
-979.087036133 
-1823.29138184 
-1485.33557129 
145.251998901 
-2777.01123047 
-107.989578247 
-2241.30493164 
-2217.20605469 
1588.3112793 
702.975097656 
2307.20214844 
-1284.66809082 
1781.0670166 
1287.5748291 
9.94372749329 
1415.76757812 
1022.90228271 
1022.90228271 
1997.61645508 
2378.22338867 
2689.52172852 
-243.740402222 
-508.707092285 
4503.0703125 
4580.48730469 
-36.4569549561 
3882.93017578 
3564.80322266 
-493.609588623 
3838.0871582 
4149.94238281 
3889.61450195 
5216.43701172 
-1944.9005127 
2759.21533203 
-3317.30981445 
3058.81201172 
-2964.92211914 
2563.85766602 
-2619.65087891 
7400.60546875 
-3308.77587891 
3288.14624023 
3849.04370117 
2623.734375 
3099.07714844 
3211.98120117 
3211.98120117 
-3465.38891602 
5555.66894531 
-209.561477661 
3999.21020508 
3883.89331055 
-3411.54663086 
3504.68994141 
-1222.24609375 
-3333.76586914 
-7670.66992188 
3591.70874023 
-998.795349121 
-70.6223907471 
-70.6223907471 
-7670.53466797 
-3562.01025391 
3194.21582031 
2910.76806641 
4663.16894531 
3744.18530273 
3744.18530273 
2923.16894531 
2710.47338867 
1758.7442627 
2498.08007812 
3408.6940918 
2808.95068359 
2558.86328125 
2292.71337891 
-31.2413406372 
-861.910095215 
-43.969417572 
-270.453521729 
-270.453521729 
2714.7121582 
1592.96496582 
1303.4152832 
-2156.82885742 
445.828887939 
-1085.23803711 
80.0619277954 
-240.095672607 
-1371.11486816 
94.3217544556 
827.223937988 
-1.50973580358e-20 
-2988.31787109 
-2395.5546875 
-1765.27026367 
-551.418212891 
-1819.74609375 
-4029.06933594 
-4280.34716797 
-4563.36132812 
-4560.39794922 
-3531.71289062 
-4720.41113281 
-3081.56591797 
-2976.42749023 
-3205.28979492 
701.019836426 
-7133.28857422 
-5690.01220703 
-4113.23681641 
-5623.70507812 
-4310.27197266 
-6681.34716797 
-6564.01464844 
-6672.72265625 
-3855.74194336 
-5004.82080078 
-3492.02636719 
602.079223633 
-5513.90722656 
-2833.38232422 
-2716.61279297 
4043.92675781 
3534.47949219 
-2643.68505859 
-1027.71887207 
-313.457641602 
-3731.85693359 
94.7463760376 
-702.480163574 
-2328.60083008 
1728.71496582 
-2261.7590332 
69.2588043213 
38.2110939026 
2445.08544922 
-1367.55908203 
-791.782714844 
2811.78735352 
-846.336914062 
643.146911621 
1923.85180664 
131.720230103 
816.458984375 
2152.78344727 
-370.300384521 
197.000839233 
-554.089782715 
-1221.91711426 
-1221.91711426 
-1221.91711426 
-541.883239746 
1029.71789551 
4282.08935547 
1790.90869141 
563.879821777 
1831.28710938 
2920.75927734 
3781.43774414 
-387.781219482 
4380.55859375 
5015.39990234 
4126.15869141 
6190.26220703 
4486.94042969 
-1982.22265625 
-1982.22265625 
7762.38378906 
3225.22045898 
2726.43896484 
4200.91650391 
-867.713989258 
4031.07714844 
-3292.10473633 
-5648.80175781 
7005.19628906 
-709.696960449 
6159.79785156 
-546.48626709 
3557.7277832 
-3848.65039062 
-3848.65039062 
5611.14697266 
3195.33056641 
4110.25341797 
4110.25341797 
5436.75537109 
5018.21826172 
2505.86474609 
-626.835510254 
2111.06347656 
-3220.36425781 
3261.01464844 
3474.33129883 
3303.4284668 
3243.72973633 
3301.50317383 
3301.89086914 
3049.12402344 
2966.23950195 
2953.25561523 
2858.39990234 
3421.46484375 
3430.82446289 
3688.95385742 
3688.95385742 
2449.19458008 
-162.152648926 
-165.862487793 
-232.453552246 
1998.94921875 
1961.33874512 
2133.89477539 
1927.70227051 
1827.62573242 
-969.964599609 
-1151.7598877 
1290.56164551 
-1972.19152832 
-1735.26879883 
-629.368286133 
1314.23010254 
1374.41540527 
-3353.13354492 
-2683.11108398 
20.8517360687 
-178.80960083 
-299.291870117 
90.5531158447 
-627.473266602 
-4006.86010742 
1526.98046875 
-4509.62695312 
-916.576904297 
899.74810791 
2091.5871582 
-4526.39892578 
2417.6809082 
2417.6809082 
-1220.921875 
-3991.34008789 
-1549.56994629 
-2213.06445312 
-2370.31884766 
-1933.09875488 
722.283874512 
-4099.81689453 
2931.34375 
-6521.94873047 
54.5526123047 
54.5526123047 
-5817.04101562 
-5393.59814453 
336.948120117 
450.091217041 
-6846.09472656 
78.282585144 
-3857.90307617 
-2451.45385742 
3268.11352539 
-3152.70410156 
927.077453613 
-4603.87207031 
-5961.81347656 
-5823.04638672 
182.259567261 
-5858.39746094 
-5672.87597656 
-4342.63916016 
-3240.82641602 
-3987.90527344 
-2781.26831055 
-4590.22070312 
-2511.98681641 
194.556030273 
2956.7043457 
-2643.30981445 
-3445.32910156 
-3375.20166016 
-3213.41821289 
-2649.36987305 
3337.33276367 
-416.792663574 
-3739.88647461 
128.772750854 
-3156.87451172 
-2880.2421875 
-2880.2421875 
-235.415237427 
-2581.03369141 
-2581.03369141 
-2581.03369141 
-1902.85449219 
-2574.27978516 
1271.14050293 
19.2831573486 
1679.32800293 
-318.793212891 
-535.278991699 
-138.757827759 
-1789.72436523 
-1789.72436523 
-1789.72436523 
-1789.72436523 
-1789.72436523 
67.9576797485 
67.9576797485 
479.722442627 
431.794494629 
589.190673828 
2943.08398438 
989.924804688 
989.924804688 
1732.0447998 
-116.740440369 
3216.4362793 
1397.43908691 
1716.50561523 
2690.91430664 
1797.9251709 
4036.11035156 
1905.04943848 
3238.54125977 
2808.61279297 
-2856.59521484 
2682.23510742 
2163.72363281 
-2951.53930664 
4255.66845703 
8094.93408203 
5843.91894531 
4468.67138672 
3670.37451172 
5068.81494141 
5068.81494141 
-3590.23120117 
6145.23291016 
3406.38891602 
2897.62304688 
3548.78271484 
3511.73999023 
3837.64111328 
3467.42602539 
5180.72900391 
6347.75634766 
-3377.29272461 
4884.91552734 
4884.91552734 
5531.79638672 
3051.01855469 
2965.52050781 
4187.54296875 
-3179.23754883 
4183.44335938 
2900.796875 
3541.51782227 
3492.88891602 
3106.42358398 
1519.69360352 
3624.23779297 
2442.67285156 
3294.69458008 
3426.84350586 
-0.00136762007605 
-3244.34155273 
2765.79589844 
2869.55688477 
1863.54345703 
2257.29980469 
75.7217559814 
1572.89013672 
985.405639648 
-1988.11999512 
-1988.11999512 
-1663.5814209 
-2535.37353516 
655.468322754 
-401.524017334 
1157.44360352 
-240.090637207 
-2483.57592773 
50.0171890259 
-191.807723999 
-191.807723999 
913.07623291 
-4517.14648438 
389.921234131 
36.0528755188 
214.378097534 
-4548.88232422 
-4838.54248047 
3008.48168945 
-6877.1875 
4348.82714844 
2.23531767913e-39 
2.23531767913e-39 
-7286.80419922 
-7993.31738281 
-7151.61474609 
-1762.60119629 
-5059.99511719 
3259.29516602 
-3139.96069336 
-3139.96069336 
-3318.49243164 
-3318.49243164 
-3318.49243164 
-2607.18115234 
-2425.57666016 
-4537.55126953 
-4692.38964844 
-4692.38964844 
-2574.39501953 
7206.46923828 
-3544.61157227 
-2937.2109375 
1554.39648438 
-7440.99560547 
179.424682617 
-3450.84423828 
2277.73144531 
404.397125244 
-3990.58349609 
2485.53100586 
2485.53100586 
-6650.29296875 
3346.44287109 
1758.52355957 
-3916.07543945 
252.094741821 
-3412.17651367 
-3843.36157227 
27.8248577118 
2688.32861328 
-2411.9375 
-1776.17028809 
-1823.5847168 
-1868.93481445 
-1345.57971191 
-1808.31054688 
-1712.92199707 
-545.381713867 
-2167.73413086 
-2167.73413086 
-800.510437012 
-1287.06970215 
-624.639221191 
-1143.57165527 
-809.746948242 
-784.501159668 
-345.395782471 
-651.843322754 
-640.874572754 
-364.693237305 
-359.68951416 
1153.86096191 
687.522216797 
1163.31408691 
-2531.82397461 
1490.69067383 
784.65814209 
953.387756348 
984.134094238 
834.135131836 
974.524108887 
1196.95568848 
2854.51098633 
2854.51098633 
860.173522949 
1588.22412109 
1060.33203125 
1093.43664551 
2437.40185547 
1899.19677734 
1285.2689209 
3638.87084961 
3517.51635742 
2657.87548828 
3872.94458008 
3715.44238281 
-5685.43554688 
4164.54638672 
3203.85791016 
-695.34564209 
5146.47753906 
2857.96069336 
3158.26245117 
3334.05664062 
3334.05664062 
3033.58911133 
2800.80395508 
4224.70117188 
3901.0703125 
3414.16235352 
3738.19970703 
3738.19970703 
4764.32910156 
-3212.64111328 
3683.36083984 
3683.36083984 
4274.2734375 
4269.56347656 
2603.23413086 
6909.00976562 
2999.55957031 
4157.59179688 
2924.5078125 
2410.57373047 
2940.4909668 
4075.01538086 
2899.67041016 
3863.26855469 
2801.65283203 
2801.65283203 
3316.43115234 
3951.13793945 
3155.9609375 
2884.50610352 
3242.69970703 
2507.46069336 
2507.46069336 
4119.14453125 
4119.14453125 
2842.77246094 
3366.65161133 
3434.38012695 
3321.38696289 
3701.5480957 
1553.20019531 
1473.22094727 
2335.04663086 
1808.67456055 
2961.2355957 
2961.2355957 
2783.55273438 
1234.46728516 
1506.02148438 
2541.03808594 
2556.49243164 
2556.49243164 
1348.63574219 
1955.56518555 
1294.71594238 
1979.80725098 
1671.01025391 
107.855400085 
1757.0057373 
1658.84643555 
789.571105957 
300.612426758 
997.291931152 
-216.301177979 
691.284057617 
-460.813446045 
970.688354492 
773.339782715 
777.024475098 
631.20501709 
736.302368164 
479.818695068 
471.723999023 
453.367858887 
-1393.71508789 
-751.353637695 
80.6650314331 
-420.212341309 
-718.643493652 
-1405.45751953 
-468.854217529 
-1326.62524414 
-1473.59997559 
-2356.86230469 
-2265.12768555 
-1243.41894531 
-872.575256348 
-1797.51428223 
-1973.53076172 
-2157.90014648 
-1381.2487793 
-2813.70751953 
-1231.83496094 
-1613.51049805 
-4047.80004883 
-1933.55505371 
-3175.82006836 
-3175.82006836 
-3175.82006836 
-3637.31982422 
-1842.83227539 
-2721.63818359 
-1873.79638672 
-1519.83422852 
-2280.40795898 
-3286.90405273 
-2843.98608398 
-2835.95019531 
-2886.44824219 
-2538.99169922 
-2813.31030273 
-2813.31030273 
-2266.40942383 
-2918.25073242 
-2677.04638672 
-2677.04638672 
-2176.33105469 
-3473.07324219 
-5352.67675781 
3388.85791016 
3546.22192383 
-4348.50878906 
-4608.82421875 
-2617.42089844 
-2936.35864258 
-3759.12133789 
-3869.10986328 
-2864.62939453 
-1745.0168457 
2168.73876953 
3665.0715332 
3665.0715332 
-4027.92260742 
2592.79516602 
-4947.046875 
-2935.20581055 
-4648.15576172 
-5242.56201172 
-2569.4609375 
-3786.54931641 
-1872.95385742 
-3724.19604492 
-1599.02587891 
-2594.58203125 
-2866.96142578 
-3631.17431641 
-2802.77587891 
-3863.31396484 
-3140.52172852 
-3455.14794922 
-2445.453125 
-2411.00854492 
-2489.46166992 
-3130.73071289 
-3041.70581055 
-2108.78515625 
-2902.32080078 
-1207.40039062 
-2310.26733398 
-2199.75561523 
-1574.71862793 
-2506.99853516 
-2216.76953125 
-1474.79541016 
-1760.40722656 
-997.141052246 
-1176.40759277 
-2171.50610352 
-1635.76989746 
-1448.13806152 
-1112.47473145 
-1407.14770508 
-619.752990723 
269.769439697 
-439.000183105 
-1178.25720215 
-833.863586426 
-645.836547852 
-645.836547852 
-581.750366211 
-692.318908691 
-689.88848877 
126.087478638 
114.00315094 
283.69052124 
-329.893554688 
-311.785644531 
-189.802017212 
431.026733398 
144.47492981 
284.426239014 
-3170.81030273 
-3170.81030273 
1673.12145996 
1673.12145996 
2439.43530273 
2439.43530273 
1857.09143066 
1024.0723877 
2144.82006836 
1686.61010742 
2857.64331055 
-1011.59899902 
5841.23632812 
3995.42578125 
2682.13110352 
2448.43432617 
4928.38476562 
-1045.31164551 
-4004.3659668 
-4313.63671875 
3538.88110352 
-2281.70507812 
3778.63793945 
-831.056335449 
2976.72436523 
2992.85302734 
3240.65087891 
3289.26464844 
2902.11230469 
4248.30712891 
5286.36425781 
3148.50634766 
3561.49829102 
5434.31494141 
2565.38500977 
5756.81054688 
3055.13427734 
6277.00683594 
-5968.95703125 
-1393.109375 
2291.9621582 
1523.08972168 
4456.52050781 
4398.68505859 
2783.9140625 
3318.58959961 
3287.20410156 
-2032.39782715 
4715.79199219 
-883.487365723 
3681.93676758 
5013.37304688 
2384.08984375 
2856.07714844 
2958.0949707 
2958.0949707 
3483.67382812 
3782.56201172 
2707.72338867 
4061.48510742 
720.677490234 
2252.64428711 
1812.09741211 
2492.19628906 
2783.59790039 
1860.06079102 
1835.16247559 
1616.44909668 
2354.9621582 
1463.12475586 
613.845092773 
1552.70800781 
1552.70800781 
-147.604202271 
1189.86291504 
1380.31201172 
-715.993164062 
1101.91430664 
1588.40283203 
1588.40283203 
-552.062438965 
610.221679688 
-834.657531738 
713.8203125 
798.936706543 
879.143554688 
-1377.00463867 
545.555725098 
369.133850098 
81.3912963867 
58.7845840454 
-106.654411316 
162.811248779 
-947.248779297 
3070.98950195 
-472.525939941 
-577.778747559 
2840.45263672 
-2188.92749023 
-1915.32434082 
168.757675171 
-1076.29064941 
-3120.43310547 
-1181.21569824 
-2300.05688477 
-3257.13549805 
-1222.48095703 
5295.72167969 
-3960.47460938 
-5244.45361328 
772.601135254 
3374.72998047 
3855.41162109 
-4529.68505859 
-2036.07336426 
-2534.85302734 
-2803.97998047 
1238.74255371 
1416.32080078 
2574.06347656 
3.78350585368e-44 
3575.39404297 
5978.05908203 
-3189.05566406 
-3189.05566406 
-1781.15234375 
-3420.4296875 
-4171.7734375 
1537.02355957 
1790.8260498 
-2990.11889648 
3519.72753906 
1517.68481445 
2047.71508789 
-5201.5078125 
-4514.73193359 
-4919.10644531 
-4608.05126953 
-1659.47009277 
3213.51635742 
-3616.69628906 
-2713.69433594 
-2831.75097656 
-2831.75097656 
-2080.82397461 
-2080.82397461 
-1950.04174805 
-248.580184937 
-2505.30664062 
-1731.50524902 
-1747.64929199 
-333.035736084 
909.274597168 
-775.300476074 
-954.52722168 
-1058.75012207 
-1128.49560547 
-1031.2722168 
1299.8782959 
-2807.00854492 
-1487.63146973 
-1487.63146973 
-1347.52612305 
396.010681152 
1445.91918945 
291.422149658 
-3302.16503906 
668.145263672 
662.464660645 
-85.1393890381 
-290.277893066 
-352.683013916 
-4421.61572266 
914.446655273 
1142.50439453 
1344.78222656 
1166.47973633 
1774.9621582 
1241.48693848 
1455.56347656 
2478.48925781 
1716.16943359 
2116.36499023 
2138.79931641 
2384.56274414 
1771.80334473 
1743.50683594 
2415.40820312 
2950.03466797 
3446.05126953 
1996.50134277 
2269.81958008 
3009.46630859 
3015.78173828 
3015.78173828 
2100.06494141 
-573.67388916 
2413.96435547 
2394.29003906 
-1689.60217285 
-1402.98986816 
-584.145629883 
4946.22412109 
-1833.20568848 
6607.43847656 
-981.827575684 
-353.083007812 
-1975.50683594 
-4118.93017578 
3261.95263672 
3985.79931641 
4138.18603516 
-1496.34631348 
6313.22167969 
4099.54638672 
3836.64379883 
4890.98193359 
2618.50244141 
2911.76220703 
2911.76220703 
2911.76220703 
3408.65332031 
1627.16882324 
2616.46533203 
5327.29296875 
3551.51513672 
3565.47875977 
3782.58325195 
4942.80810547 
2501.47949219 
422.911895752 
2018.29394531 
2018.29394531 
3075.04589844 
2435.54003906 
2435.54003906 
2220.04370117 
2249.77832031 
2519.68359375 
2638.3527832 
-1102.61804199 
-675.804870605 
-675.804870605 
873.981567383 
2793.25073242 
1355.54174805 
3442.75024414 
565.414001465 
419.528808594 
536.089782715 
344.848510742 
344.848510742 
228.088989258 
154.007766724 
60.7307167053 
4.85462427139 
-69.6775283813 
-433.393920898 
-495.052337646 
-325.129425049 
-1659.39978027 
-398.671325684 
-575.540222168 
-608.017333984 
-1026.21911621 
-895.753112793 
-1080.80908203 
-783.782714844 
4596.74169922 
-2912.49414062 
-1366.6595459 
-1718.4708252 
-4042.62597656 
-4042.62597656 
-1295.77746582 
-1151.59619141 
3755.5234375 
1306.31689453 
3022.96166992 
-4432.26074219 
-4432.26074219 
3257.20385742 
-4108.25878906 
-3072.61279297 
2862.78149414 
4849.06201172 
-2506.02783203 
-4107.20214844 
-4683.09960938 
2476.98852539 
3971.76611328 
3971.76611328 
3771.03173828 
-2382.00195312 
-3328.48461914 
3567.78564453 
-2142.78833008 
-3517.16796875 
-3132.58203125 
-4067.03955078 
-4048.14526367 
1795.65600586 
98.873260498 
1625.4005127 
-1540.97546387 
-1540.97546387 
-2938.00732422 
-1075.87988281 
-3541.43481445 
-967.923583984 
-1302.5378418 
941.490356445 
-1679.05029297 
-67.5353622437 
-2922.80151367 
-2249.61694336 
-2219.4050293 
-1861.6204834 
-2505.34936523 
620.94152832 
-1642.12133789 
-2595.48242188 
-1653.01086426 
-1218.42749023 
-2238.57739258 
1463.12438965 
-348.585693359 
-926.433166504 
-3256.74023438 
115.042472839 
-1414.50488281 
-2265.47412109 
-504.808319092 
-2621.1394043 
507.503173828 
1846.75598145 
1846.75598145 
1063.66625977 
-3297.20019531 
837.391540527 
1811.00720215 
-363.139465332 
-363.139465332 
-363.139465332 
-3717.10522461 
2826.40844727 
2826.40844727 
3497.82250977 
3349.86401367 
-3106.09863281 
3308.53100586 
-3467.51489258 
4728.49169922 
3913.83447266 
-791.373352051 
-791.373352051 
-3837.35961914 
4689.86865234 
4436.56835938 
5266.49121094 
4948.08154297 
-692.056152344 
-262.238983154 
-3684.10546875 
6874.0078125 
-3606.24243164 
3607.58862305 
5341.72998047 
4000.89794922 
3884.15039062 
-151.695571899 
-243.882415771 
-2273.07592773 
-3618.38574219 
4726.04101562 
-1719.95788574 
546.534362793 
-1553.3059082 
1186.66223145 
245.130874634 
3396.21704102 
5241.96044922 
1679.99438477 
1268.13830566 
1251.52441406 
3277.02685547 
3062.89306641 
2958.54248047 
2616.83764648 
1384.6763916 
2186.21850586 
1853.55529785 
-869.05645752 
-184.575332642 
2412.37915039 
4203.02148438 
-129.221252441 
7.42424378268e-18 
7.42424378268e-18 
-2806.94238281 
486.824859619 
3706.85888672 
-1197.19055176 
-1163.16552734 
-4728.35644531 
-2272.25073242 
3980.87255859 
7768.31445312 
-1810.62109375 
642.849487305 
-2325.22070312 
2033.98034668 
3359.24365234 
570.958190918 
5962.28710938 
5449.40673828 
-3321.86645508 
-3321.86645508 
-6589.53320312 
-6589.53320312 
-7649.4375 
3348.80029297 
3348.80029297 
-6614.57861328 
-5504.97314453 
-5504.97314453 
404.036529541 
-5494.38037109 
4089.95043945 
-8263.17578125 
3114.02197266 
-6345.76318359 
1446.35705566 
-5850.52685547 
-4906.94580078 
1069.77966309 
-2.44901418686 
-6322.52636719 
-42.7004852295 
524.344665527 
306.587585449 
31.5243587494 
132.395339966 
-5282.59619141 
-590.57611084 
-6632.40429688 
-834.614624023 
-911.177001953 
-228.895584106 
-57.9279098511 
-4089.51367188 
-4089.51367188 
-1974.14794922 
-2182.93481445 
745.710205078 
-2719.02661133 
-461.10369873 
-3470.28833008 
-3716.24780273 
-2652.32788086 
-1991.24353027 
-1991.24353027 
-290.93762207 
-3081.39160156 
-5387.32617188 
401.53616333 
-1527.1595459 
-3593.47119141 
-3023.90698242 
-8.43549712995e-24 
-2.19303523558e-36 
-252.160629272 
189.312347412 
-2.09820985794 
-5917.25244141 
-206.751876831 
-795.878173828 
-2982.18603516 
-531.906433105 
-1004.04803467 
-3700.72509766 
4518.86035156 
203.286132812 
203.286132812 
2014.85473633 
-2753.11083984 
-936.064941406 
-835.112731934 
2062.90722656 
1868.38464355 
-5175.26513672 
-3531.96508789 
4171.6796875 
5268.79931641 
1182.86791992 
-4874.63183594 
-2484.87890625 
6724.57861328 
-3169.58447266 
5217.43066406 
-1916.23583984 
-1123.85961914 
2989.09912109 
7055.5078125 
-510.226379395 
-854.052612305 
2.22415012433e-14 
-1428.56689453 
5807.91455078 
4550.59326172 
-703.925720215 
135.604400635 
4413.73486328 
965.302062988 
1940.03466797 
4470.49951172 
725.079589844 
4354.09814453 
3996.22485352 
4684.07470703 
4064.67626953 
4666.05517578 
555.651062012 
6031.79589844 
2406.09570312 
2338.84130859 
2279.24487305 
5042.75390625 
99.6926345825 
2810.78808594 
948.507629395 
191.826217651 
594.405334473 
594.405334473 
2073.87451172 
649.508911133 
-499.34664917 
-710.538818359 
404.946258545 
1076.17407227 
5581.90527344 
341.704620361 
5827.59033203 
333.644927979 
1003.05413818 
398.196746826 
943.737609863 
4169.125 
3523.328125 
-638.20916748 
104.659362793 
-4274.49560547 
2672.86035156 
-626.454772949 
165.894607544 
-1580.75378418 
-6280.95605469 
-2128.82470703 
48.1306610107 
-2894.16845703 
-3399.80126953 
-1570.04504395 
1811.29772949 
-2774.09765625 
1263.28662109 
-7272.46240234 
2409.20825195 
-4481.30273438 
470.000366211 
-4683.21972656 
-6.72502660751 
-4877.12255859 
-57.0730209351 
-69.2650985718 
-4667.19677734 
-885.439086914 
-2797.32592773 
-7340.22900391 
-1064.11047363 
-3692.890625 
-177.610733032 
-80.9069976807 
-80.9069976807 
-3860.17529297 
-2140.83959961 
-3242.74047852 
-5654.86328125 
-51.5007171631 
-5322.16845703 
-5225.13085938 
-4606.11132812 
-3823.09985352 
-202.168395996 
-4234.54785156 
-5235.91503906 
-2979.16943359 
-2979.16943359 
-1153.4239502 
-909.158325195 
-3448.6887207 
-5223.61474609 
-5223.61474609 
-2330.96264648 
-2330.96264648 
-1638.13098145 
-1638.13098145 
-6163.94873047 
-950.448730469 
-4327.01757812 
-1447.67260742 
-3450.74975586 
-1567.95397949 
-1567.95397949 
-1156.47058105 
-4040.33935547 
1137.53747559 
1137.53747559 
-62.9322242737 
-62.9322242737 
562.973876953 
-190.80267334 
-190.80267334 
-3175.39013672 
-3175.39013672 
-3175.39013672 
2362.6862793 
2362.6862793 
2929.37915039 
1306.79528809 
5403.140625 
-405.308502197 
2067.69897461 
-5323.99902344 
-5323.99902344 
-932.620849609 
1570.29931641 
4991.82714844 
5417.37353516 
4031.59790039 
4722.21582031 
3966.74414062 
3966.74414062 
3425.84277344 
3578.98730469 
2271.63696289 
247.891906738 
4054.95776367 
53.179977417 
4891.24072266 
4819.72119141 
1455.99890137 
4359.11523438 
4359.11523438 
168.488204956 
2076.73193359 
2242.49169922 
2242.49169922 
2950.46020508 
3516.68969727 
4974.79931641 
133.870880127 
3706.94824219 
-1256.64379883 
5235.13769531 
5235.13769531 
3593.26269531 
2826.40332031 
3277.47216797 
3037.65576172 
2669.73291016 
740.773742676 
931.91595459 
2576.40722656 
130.015151978 
130.015151978 
28.0340862274 
3.82548004598e-16 
2198.50634766 
1926.49682617 
1926.49682617 
1234.05541992 
1129.37780762 
3460.37524414 
69.9105911255 
3369.65576172 
496.78314209 
5164.47167969 
3885.03686523 
-2083.53833008 
-1550.13439941 
-1550.13439941 
2532.77294922 
2532.77294922 
-3490.1027832 
-2720.20288086 
-2626.21826172 
-2626.21826172 
-3035.52734375 
-1408.70117188 
1703.15356445 
-570.119384766 
-4956.87988281 
1507.83093262 
-5734.85449219 
-4207.640625 
1065.60424805 
-2397.5300293 
-2637.63061523 
-4535.70458984 
-3625.23730469 
794.459838867 
-1656.29650879 
-3200.54223633 
-8261.49707031 
-81.4152755737 
-4143.70898438 
-2170.48657227 
-3695.76367188 
-4518.55078125 
-50.3803596497 
-985.92755127 
-4697.859375 
-4697.859375 
-3644.30737305 
-5214.984375 
-2591.11401367 
-2624.62158203 
-2624.62158203 
-2624.62158203 
-124.72858429 
-3796.55883789 
-2237.55419922 
-1.01776377287e-29 
-2.64668834929e-30 
-3178.54418945 
-3516.37524414 
-106.722389221 
-4244.76220703 
-4244.76220703 
-1345.91271973 
-168.028884888 
-3658.80004883 
-3034.09082031 
-1886.74206543 
-3429.29711914 
-3475.19628906 
-2673.18310547 
-69.416305542 
169.068161011 
-1144.78430176 
-2985.77270508 
-2419.171875 
-2416.97924805 
771.97253418 
-167.614639282 
-3320.04663086 
-1661.46166992 
-1670.84155273 
-2030.14672852 
-1560.57922363 
-1805.98791504 
-3105.67260742 
-896.98260498 
-1038.07873535 
2346.55126953 
2346.55126953 
-743.785888672 
-1049.51940918 
-4367.52246094 
-201.316314697 
1711.32385254 
-220.228668213 
1943.21777344 
1351.59912109 
-5414.12255859 
-5414.12255859 
-5414.12255859 
828.454162598 
1835.03918457 
-10.9861841202 
736.529724121 
1348.32727051 
670.11932373 
4634.34765625 
3635.47314453 
1531.11950684 
4717.25341797 
-2131.38525391 
6834.00048828 
23.3513660431 
4961.60644531 
114.167396545 
-957.686218262 
2279.78100586 
6904.72314453 
3857.98657227 
-1439.18115234 
-1439.18115234 
1509.71606445 
7716.26660156 
2.21745703939e-14 
2123.22949219 
6367.3203125 
445.195678711 
3123.35351562 
4707.61914062 
3889.02392578 
3889.02392578 
4094.12280273 
4299.05078125 
3247.33837891 
3721.83666992 
2358.54736328 
3502.97680664 
3561.60864258 
3575.34521484 
3575.34521484 
3698.37597656 
3698.37597656 
3562.7668457 
2962.83911133 
3911.82666016 
3591.2800293 
3347.72827148 
3347.72827148 
2328.19018555 
3587.2890625 
2384.02026367 
2800.65844727 
2508.43701172 
2633.30395508 
3778.51074219 
4225.17480469 
2680.41821289 
2474.02026367 
237.402069092 
1224.8692627 
1544.79577637 
1532.04711914 
1748.18884277 
1206.44006348 
1205.8137207 
-158.158554077 
5791.42724609 
650.093994141 
201.272171021 
95.5590057373 
-1489.10522461 
-1683.17272949 
-2405.18115234 
-2266.16796875 
-2266.16796875 
-2936.34960938 
1779.43127441 
-349.614013672 
-3548.31958008 
-931.829223633 
-932.130004883 
-1351.63037109 
-929.920898438 
-4274.30322266 
-6035.52929688 
1388.65039062 
-5004.1328125 
-5004.1328125 
-2934.86303711 
-380.976593018 
-4080.75366211 
-2749.98999023 
-2749.98999023 
-2932.83520508 
-2684.81445312 
-2373.48803711 
-2373.48803711 
435.006530762 
-3219.61401367 
-2034.65515137 
-5801.5703125 
-4545.89892578 
-2409.85961914 
-3512.72070312 
-3385.51806641 
-3801.13354492 
-2628.67480469 
-4557.43164062 
-3738.53857422 
-2740.48657227 
-3975.38134766 
-2857.51269531 
-4940.71875 
-3340.4597168 
-447.258087158 
-3280.29980469 
-3280.29980469 
-4416.20996094 
-3653.31933594 
-5050.28222656 
-3562.34667969 
-2567.90087891 
-3141.44970703 
-3522.10083008 
-4227.70996094 
-3467.85620117 
-2631.21655273 
-4046.36816406 
-3112.35522461 
-3897.03637695 
-903.870605469 
-2269.82568359 
-2783.95532227 
-3155.98071289 
-2916.35986328 
-2384.33740234 
-2065.01586914 
-2154.60717773 
-3632.98657227 
56.1675453186 
148.403503418 
1112.75805664 
-129.051300049 
-267.591918945 
655.004882812 
1421.46118164 
1421.46118164 
-2892.42431641 
3032.40454102 
2816.59423828 
-960.618225098 
-477.790008545 
-611.225708008 
-82.2374954224 
127.689369202 
-279.208740234 
-252.809814453 
-1071.62536621 
4510.46679688 
4510.46679688 
1098.21911621 
4207.98095703 
2124.51098633 
2059.87866211 
44.2847976685 
3811.59667969 
-1179.45471191 
1349.08032227 
1590.34265137 
1590.34265137 
2312.62646484 
1479.94836426 
2103.34326172 
2695.59594727 
2586.87817383 
4114.69335938 
1573.38952637 
-212.942871094 
-2530.16308594 
852.025085449 
256.886199951 
5373.13720703 
3637.19799805 
3637.19799805 
274.753112793 
4680.18505859 
2592.64379883 
6187.17236328 
2813.66821289 
2584.97070312 
3758.14550781 
3878.59936523 
3976.49047852 
4074.13476562 
3006.55688477 
2833.28979492 
-2422.65014648 
4656.34375 
2921.58666992 
2967.57739258 
4979.98681641 
1007.06170654 
1204.43579102 
1936.31286621 
3643.57958984 
2395.34716797 
-140.344268799 
2654.91455078 
2096.63720703 
2243.61303711 
2044.43395996 
2293.39697266 
-324.16494751 
-2174.46850586 
1812.046875 
2813.75634766 
-50.3573226929 
631.767578125 
924.310852051 
924.310852051 
-176.291763306 
578.326904297 
295.686706543 
-1288.94348145 
-661.767028809 
-712.581359863 
173.792373657 
-261.457275391 
-355.587615967 
204.87663269 
-5864.65234375 
-4338.30615234 
-1100.86682129 
-4812.21630859 
-2660.41870117 
-1718.5456543 
-1675.45166016 
-2463.54443359 
-5313.76171875 
-129.601135254 
-3361.73486328 
-1220.22045898 
-5349.72021484 
-55.5038986206 
-55.5038986206 
-2058.66870117 
-460.765472412 
-3092.12304688 
-5524.54931641 
-2873.68432617 
-3482.00585938 
-3647.75561523 
-3526.90307617 
-3471.99609375 
-3639.15258789 
-3772.53076172 
-2909.45166016 
-3720.81298828 
-4151.30322266 
-3060.28173828 
-5050.78710938 
-3278.15942383 
-3278.15942383 
-4279.95898438 
-2269.80957031 
-2261.06298828 
-2482.20825195 
-3103.19848633 
-2794.18212891 
-2634.94628906 
-2412.63183594 
-3424.29125977 
-4055.671875 
-3024.47143555 
-1119.45947266 
-1352.36401367 
-3803.96801758 
-6507.57324219 
-3674.02368164 
270.97064209 
-1903.87390137 
-749.176879883 
-749.176879883 
-2804.96411133 
-312.974975586 
-135.085235596 
-2280.81640625 
-2105.02124023 
308.27230835 
-774.878967285 
-1835.9753418 
1234.28540039 
-2471.90771484 
-1517.51269531 
-1288.6105957 
-1430.86437988 
-1299.25378418 
-965.015441895 
-881.69342041 
-1220.27709961 
-794.470214844 
-890.245544434 
-475.448059082 
-712.808349609 
-2628.74145508 
-566.7734375 
35.943107605 
-615.795166016 
3623.50683594 
-694.443969727 
-121.416160583 
307.594604492 
1079.26574707 
-32.4568901062 
1315.68127441 
343.314880371 
825.774169922 
472.151672363 
2998.27441406 
922.728149414 
1234.23864746 
1413.43261719 
410.942596436 
2741.71899414 
3825.72827148 
2248.875 
4598.97412109 
7707.85595703 
-1271.78198242 
4552.40234375 
5328.34716797 
-1417.38842773 
5810.95361328 
4391.86035156 
681.431945801 
3641.80908203 
3477.0480957 
3344.19042969 
3392.50830078 
3392.50830078 
3057.96118164 
4121.06787109 
5260.23876953 
3689.21264648 
2018.11743164 
6908.50878906 
4582.59179688 
3989.13769531 
3989.13769531 
1664.26184082 
1664.26184082 
1384.03552246 
3224.36645508 
507.682220459 
3359.99829102 
614.327636719 
760.250488281 
671.870605469 
2032.3404541 
1771.77697754 
153.275100708 
1552.74926758 
2857.0078125 
-533.636901855 
289.199890137 
2358.7565918 
867.41619873 
-2684.65698242 
255.263824463 
-1693.74987793 
1698.89050293 
311.307739258 
311.487579346 
230.182662964 
216.127334595 
270.87310791 
404.317077637 
668.888793945 
-100.651649475 
-129.256958008 
-169.637695312 
-471.397613525 
-940.882507324 
-940.882507324 
-940.882507324 
-499.798614502 
-1218.41882324 
-828.103149414 
-835.697631836 
-3377.84179688 
-869.188049316 
-674.199035645 
464.64642334 
-555.822753906 
-4331.15332031 
-3294.12646484 
-5526.79248047 
-4390.50341797 
-1023.64874268 
-3810.97119141 
-3810.97119141 
-4267.93164062 
-998.416809082 
-6557.48632812 
-6557.48632812 
-6271.3828125 
-4403.39599609 
-3944.94995117 
-2699.96508789 
-4083.69628906 
-4356.63037109 
-4454.45849609 
-3422.45703125 
-4583.734375 
-4001.80029297 
-2338.71850586 
988.932495117 
-2023.91882324 
-3346.15698242 
-3925.65527344 
-1619.1628418 
-370.522583008 
-654.847229004 
-194.36807251 
116.701591492 
545.161743164 
-410.719299316 
-1144.33276367 
873.727233887 
1167.30822754 
-778.725524902 
-1130.14086914 
-877.523071289 
-871.267272949 
-944.093383789 
329.557830811 
-357.249847412 
-691.189575195 
11.0887842178 
-425.950744629 
-464.402496338 
390.843353271 
390.843353271 
-177.7784729 
-36.089641571 
76.9309997559 
270.598968506 
-79.3345336914 
251.426315308 
496.520843506 
874.389892578 
1698.7611084 
129.573669434 
2196.81811523 
3938.56201172 
524.627624512 
524.627624512 
1902.0802002 
1923.37158203 
1999.63269043 
1808.45336914 
2218.63134766 
2017.77893066 
2362.11010742 
2241.49853516 
2241.49853516 
2449.1640625 
2449.1640625 
2700.03930664 
3440.01635742 
2099.14135742 
3000.82446289 
4209.86035156 
2795.22338867 
2859.62963867 
3323.41015625 
3378.83374023 
4522.44287109 
3520.29638672 
3540.97363281 
3349.76220703 
3642.78344727 
3642.78344727 
3060.6784668 
3897.85888672 
4053.12768555 
2252.66455078 
3111.43505859 
5412.41357422 
6478.52880859 
2818.47192383 
4308.97705078 
334.12991333 
3713.13305664 
4972.20556641 
6495.08691406 
5640.31542969 
5812.46923828 
1526.52526855 
772.668640137 
8132.95751953 
1359.19726562 
3626.68554688 
112.430923462 
-98.7116851807 
-256.003234863 
2912.50073242 
2631.41137695 
2438.91772461 
2923.40185547 
2748.00390625 
-1576.13366699 
671.615112305 
1589.20166016 
-1669.77856445 
-1501.54321289 
-1217.20214844 
1384.02709961 
1986.71655273 
1986.71655273 
221.177429199 
111.621124268 
-2956.2902832 
1568.61340332 
58.6609191895 
-1419.92041016 
-284.064666748 
-832.756469727 
-2646.41943359 
401.737640381 
-1558.14587402 
-4449.26025391 
-4925.4453125 
-3496.6184082 
-3737.08837891 
-3497.73242188 
-3788.15332031 
-3952.14819336 
-3763.92016602 
-620.604553223 
-3953.62304688 
-3732.70214844 
1639.49560547 
-5116.42138672 
1468.3223877 
-5988.16357422 
-4315.08642578 
-4315.08642578 
-2942.48608398 
-2994.17285156 
-7506.72216797 
-4048.55883789 
-4595.66455078 
-4851.44140625 
-2704.51464844 
-6112.56298828 
-6112.56298828 
-4771.90527344 
-4185.35351562 
-5867.76611328 
-2716.82885742 
-3096.94628906 
-2549.29711914 
-2513.28588867 
-2523.97216797 
-2103.50585938 
-2103.50585938 
-1801.36743164 
2673.68774414 
80.2726135254 
-2039.46398926 
819.00390625 
-919.295471191 
-336.438262939 
466.684692383 
466.684692383 
631.521850586 
666.383056641 
666.383056641 
1337.72692871 
1499.13781738 
1712.02026367 
-4663.18066406 
-4663.18066406 
1489.77954102 
2244.41162109 
2508.31054688 
1522.18310547 
3011.60058594 
3100.33740234 
3100.33740234 
3245.37866211 
3752.51928711 
3905.52978516 
4033.93823242 
4300.02392578 
4300.02392578 
3796.46704102 
4668.87207031 
3871.5546875 
4797.87451172 
4085.83813477 
3970.4621582 
4323.46386719 
4323.46386719 
4299.01464844 
4005.27294922 
4117.56445312 
4277.08886719 
4168.67041016 
3934.82080078 
4248.93359375 
4171.25488281 
3547.71411133 
3836.92602539 
3446.90869141 
3788.66918945 
1728.26489258 
3811.14355469 
1891.68908691 
1865.17724609 
1865.17724609 
1440.86291504 
4028.14941406 
5970.97607422 
3607.1081543 
3944.94897461 
3708.88452148 
1185.66748047 
-2248.78808594 
629.091125488 
619.179443359 
309.760131836 
481.01550293 
-301.468139648 
-224.661560059 
-357.511322021 
-581.876037598 
383.941101074 
-837.012878418 
23.6964645386 
6666.53173828 
-1956.08972168 
-2534.81396484 
1794.88000488 
418.632629395 
-3426.08886719 
207.961776733 
-851.50769043 
-540.880249023 
-434.162139893 
-2250.16064453 
-2540.25512695 
-3341.2980957 
-3758.84204102 
-94.6028137207 
-72.731880188 
-3702.05859375 
-2608.15209961 
-277.544311523 
-9571.83984375 
-5526.95117188 
-5430.06982422 
-3872.49780273 
-4484.68017578 
-4242.43066406 
-4242.43066406 
-3886.80810547 
-4057.69775391 
-4057.69775391 
-4057.69775391 
-4232.15527344 
-4232.15527344 
-3963.19848633 
-3936.71508789 
-4027.72192383 
-4253.96777344 
-3870.14868164 
-4354.71191406 
-2050.59912109 
-2050.59912109 
-3328.21582031 
-3396.10107422 
-1577.91540527 
-1577.91540527 
-4537.6171875 
-1282.78442383 
-3667.42871094 
-5798.16796875 
-4792.96435547 
-4035.13818359 
-5471.01660156 
-2921.4140625 
-2280.55224609 
-1873.24645996 
-1587.29089355 
-1587.29089355 
-1522.25402832 
-1152.86987305 
-970.540405273 
-962.411743164 
-837.549377441 
222.000411987 
575.266906738 
633.315612793 
746.080566406 
1155.15136719 
1525.45214844 
1525.45214844 
1874.52709961 
2523.8815918 
2772.88378906 
2982.53320312 
2679.38476562 
3168.6875 
3355.30493164 
3337.26733398 
4257.17578125 
3755.83056641 
4478.77099609 
4478.77099609 
4478.77099609 
3734.14208984 
4233.30371094 
4240.74755859 
4609.14990234 
4616.11328125 
4194.7890625 
4251.15820312 
4117.13378906 
4117.13378906 
4094.96289062 
4094.96289062 
4015.47192383 
4015.47192383 
4035.85058594 
4035.85058594 
3796.1652832 
3358.82788086 
3157.91430664 
3173.85693359 
3342.32470703 
2372.45898438 
2357.14111328 
1886.72888184 
1625.45690918 
1523.84350586 
1523.84350586 
930.61328125 
788.274047852 
448.458587646 
-504.003845215 
4356.64599609 
4356.64599609 
775.17010498 
775.17010498 
-2219.2565918 
-2219.2565918 
-2862.86083984 
-2609.82519531 
208.878707886 
-537.673339844 
-355.151672363 
1538.47802734 
-4851.78515625 
-3763.61401367 
-3454.26586914 
-4093.68847656 
-4679.05322266 
-3802.7109375 
-4564.18554688 
-4626.57128906 
-3850.52441406 
-4272.20263672 
-4914.33789062 
-5088.89648438 
-6472.98388672 
-4427.77783203 
-3906.00244141 
-3648.4206543 
-3630.35327148 
-3640.6262207 
-921.355407715 
-3190.44775391 
-3287.10131836 
-2726.2277832 
-2759.65307617 
-1952.4798584 
-1523.87744141 
-959.553283691 
-651.564086914 
-415.029449463 
10.5749483109 
595.270446777 
859.641296387 
1084.07531738 
1278.4552002 
1600.73034668 
2062.59106445 
2718.74609375 
2929.33251953 
3121.63793945 
2834.48583984 
2834.48583984 
4307.16503906 
5952.70214844 
4451.9921875 
3359.59619141 
-162.954620361 
-162.954620361 
-1487.2565918 
5186.01416016 
-1859.3894043 
3867.68676758 
3620.1652832 
4368.71777344 
4216.04931641 
4134.31298828 
4144.09814453 
4144.76074219 
4108.09570312 
4067.49194336 
4033.95898438 
3972.45263672 
3952.32641602 
3952.32641602 
3838.78881836 
3794.62011719 
3746.84814453 
3704.48413086 
3666.9296875 
3407.7890625 
3296.87890625 
3239.52197266 
2956.00878906 
2808.36547852 
2791.60205078 
2468.34228516 
2379.67016602 
2285.34716797 
1902.54040527 
1795.73693848 
1395.60095215 
1395.60095215 
1089.36523438 
980.192260742 
871.839599609 
666.333862305 
637.773132324 
545.094116211 
231.84022522 
15.6205015182 
-190.098632812 
-190.098632812 
-621.384887695 
-900.30065918 
-1036.20068359 
-1556.77478027 
-1655.85424805 
-1836.68725586 
-1955.29296875 
-2053.36499023 
-2153.4855957 
-2687.82714844 
-2908.32128906 
-2976.36938477 
-3037.76220703 
-3138.88256836 
-3393.58911133 
-3767.60229492 
-3816.47363281 
-3845.16455078 
-3861.30859375 
-3995.91113281 
-4063.47900391 
-4176.23193359 
-4182.33496094 
-4246.27734375 
-4273.75 
-4240.86572266 
-4151.90625 
-4156.24511719 
-4053.42211914 
-3966.6887207 
-3911.99072266 
-3778.46191406 
-3719.66943359 
-3616.89746094 
-3651.43164062 
-3548.57641602 
-3548.57641602 
-3280.43481445 
-3086.66479492 
-3031.07763672 
-2959.75292969 
-2568.97338867 
-2320.76708984 
-2224.39892578 
-1933.95202637 
-1643.82373047 
-1643.82373047 
-1330.86791992 
-1223.35900879 
-804.973205566 
-367.485595703 
-154.601470947 
62.2018356323 
170.838409424 
279.536590576 
496.269012451 
713.554992676 
930.913208008 
1145.46984863 
1456.17736816 
2050.42700195 
2145.55395508 
2428.93237305 
2654.05566406 
3161.66821289 
3161.66821289 
3400.23950195 
3400.23950195 
3557.81542969 
3557.81542969 
3557.81542969 
3557.81542969 
3714.54516602 
3811.95483398 
3936.04418945 
3936.04418945 
4051.12426758 
4051.12426758 
4153.8828125 
4153.8828125 
4263.58300781 
4262.67333984 
4253.38525391 
4149.6484375 
4097.55957031 
3998.55761719 
3933.48974609 
3554.25927734 
2936.63989258 
2847.60400391 
2826.8828125 
2555.63867188 
2455.84350586 
2364.54785156 
2033.10693359 
1939.5246582 
1841.76574707 
1033.44824219 
713.336547852 
713.336547852 
180.740127563 
-258.473297119 
-486.119781494 
-477.972015381 
-688.216552734 
-900.110900879 
-1213.62634277 
-1341.29162598 
-1522.90917969 
-1617.85327148 
-1822.58740234 
-1962.45080566 
-2044.0592041 
-2203.71777344 
-2736.15942383 
-2921.35253906 
-3073.02392578 
-3146.50512695 
-3615.85107422 
-3817.98999023 
-3924.47509766 
-4013.09838867 
-4138.87744141 
-4138.87744141 
-4155.50292969 
-4197.66455078 
-4199.42529297 
-4296.38720703 
-4164.66845703 
-4128.328125 
-4080.29321289 
-3973.55688477 
-3897.56762695 
-3866.19750977 
-3812.45043945 
-3733.96459961 
-3656.10888672 
-3604.92553711 
-3566.07080078 
-3288.61767578 
-3012.56152344 
-2822.61499023 
-2822.61499023 
-2588.29638672 
-2505.8359375 
-2497.63012695 
-2352.23925781 
-2146.09692383 
-2050.48657227 
-1952.89001465 
-1757.38659668 
-1347.75012207 
-1148.35095215 
-1043.25 
-831.819885254 
-724.901672363 
-616.852355957 
-72.4583282471 
-72.4583282471 
367.037231445 
645.528930664 
737.928771973 
880.62109375 
880.62109375 
1128.38342285 
1234.76257324 
1647.23034668 
1845.27929688 
2052.70654297 
2149.13232422 
2260.13623047 
2442.10473633 
2514.43432617 
2682.62866211 
2924.21386719 
3003.88061523 
3507.43676758 
3566.76342773 
3721.23242188 
3898.03564453 
3993.55566406 
4228.95898438 
4255.21435547 
4255.21435547 
4267.47802734 
4286.49365234 
4269.48046875 
4217.3515625 
4126.00146484 
4107.35009766 
3939.48022461 
3898.18359375 
3875.33325195 
3875.33325195 
3811.35742188 
3605.76953125 
3518.28588867 
3336.05957031 
3267.35791016 
3213.26049805 
3148.48730469 
3063.23974609 
2780.74951172 
2695.87915039 
2607.74023438 
2518.16723633 
2332.49145508 
2240.5378418 
2131.19433594 
2059.02172852 
1966.74731445 
1769.85144043 
1670.63842773 
1569.06616211 
1470.18713379 
1373.42370605 
1273.70593262 
829.064025879 
290.274597168 
180.894393921 
71.2745132446 
-477.738647461 
-691.863769531 
-1126.45227051 
-1223.42895508 
-1906.97351074 
-2002.88427734 
-2189.63696289 
-2360.96166992 
-2442.55395508 
-2772.94018555 
-2959.7902832 
-3010.25878906 
-3205.63232422 
-3264.70336914 
-3318.24804688 
-3426.56494141 
-3483.64599609 
-3651.81152344 
-3701.83007812 
-3753.56787109 
-3843.03100586 
-3895.63427734 
-4014.23461914 
-4050.4765625 
-4218.39697266 
-4225.12255859 
-4216.70458984 
-4205.76513672 
-4178.02294922 
-4142.16894531 
-4130.78417969 
-4112.60986328 
-4093.85961914 
-4066.61376953 
-4039.07788086 
-4005.53979492 
-3877.05419922 
-3739.83374023 
-3714.6484375 
-3532.67895508 
-3471.84619141 
-3318.28686523 
-3102.22412109 
-3022.26831055 
-2815.06054688 
-2535.6652832 
-2444.81811523 
-2052.43945312 
-1947.6842041 
-1556.62011719 
-1455.1340332 
-924.570678711 
-816.57434082 
-601.719848633 
-493.97555542 
-341.843536377 
50.5782432556 
379.14541626 
814.355163574 
814.355163574 
922.79083252 
1346.58752441 
1557.27478027 
1662.12145996 
1826.78771973 
1826.78771973 
2074.52587891 
2170.32885742 
2266.90380859 
2363.0222168 
2459.41430664 
2550.44604492 
2635.40917969 
2716.12719727 
2892.55688477 
3038.44750977 
3257.10839844 
3531.77441406 
3608.21508789 
3923.48193359 
3968.97558594 
4030.87744141 
4121.02832031 
4200.29052734 
4273.046875 
4303.24755859 
4337.43994141 
4324.96826172 
4309.25683594 
4282.65869141 
4245.35205078 
4202.86083984 
4105.24023438 
4052.94775391 
3982.98779297 
3948.05371094 
3863.91723633 
3795.74487305 
3692.57324219 
3639.20214844 
3504.77441406 
3408.32421875 
3240.61132812 
2724.8984375 
2653.82568359 
2584.21264648 
2509.02685547 
2425.22143555 
2256.06494141 
2164.53808594 
1955.90136719 
1527.09741211 
1326.67126465 
1223.18347168 
1117.28686523 
919.08605957 
808.641357422 
700.750610352 
591.682128906 
364.250427246 
256.436340332 
15.6628952026 
23.5000209808 
-293.29989624 
-514.120788574 
-625.412536621 
-736.438964844 
-1069.47692871 
-1245.55419922 
-1563.6060791 
-1642.18713379 
-1776.26574707 
-1865.24572754 
-2048.9934082 
-2226.30297852 
-2590.20214844 
-2590.20214844 
-2838.95117188 
-2975.68701172 
