-4560.65185547
-4561.71240234
-4559.88427734
-4550.21923828
-4550.17871094
-4560.85107422
-4558.62255859
-4558.85400391
-4561.05859375
-4559.14111328
-4548.97412109
-4548.74316406
-9041.95507812
-6243.34326172
-5292.08398438
-8852.77539062
-9392.28808594
-6265.734375
-5921.30273438
-4831.92626953
-3907.49853516
-4598.80957031
-3255.97607422
-4371.97070312
-778.365112305
-2750.91625977
-5238.22949219
-4501.79003906
-1698.47155762
-1989.04650879
-2228.62792969
-2228.62792969
-1281.85546875
-2796.00585938
-2276.34521484
-3870.14355469
-8472.4921875
-7799.33203125
-4871.61621094
-5018.44921875
-6320.69189453
-4640.42529297
-2255.14111328
-7173.67529297
-5221.24072266
-8225.86035156
-6870.75
-3399.64086914
-2692.67089844
-7879.08349609
-5442.12939453
-6104.55029297
-2483.16699219
-1776.82312012
-4855.18017578
-3880.62548828
-2396.08642578
-2396.08642578
-2381.2121582
-2740.99780273
-2990.14550781
-5424.88427734
-5424.88427734
-3594.78979492
-2658.32226562
-2658.32226562
-3191.19335938
-1582.90795898
-472.453338623
-2674.93286133
-2842.5625
-1156.60974121
-3289.78515625
-823.554077148
-1822.47180176
-918.199035645
-2772.2512207
-1319.70153809
-1848.16235352
332.775299072
994.146850586
2661.07592773
925.699645996
1001.30371094
2212.48461914
4240.10595703
3090.41186523
3107.56787109
6234.30419922
2579.08837891
1879.32385254
3439.74243164
2179.10668945
5344.27636719
4944.05029297
4612.87890625
5260.47167969
4219.54003906
3350.6496582
5672.04638672
4861.31933594
4267.33496094
4076.75805664
3529.47192383
3529.47192383
4790.33251953
5113.25146484
5113.25146484
6330.22070312
5719.67285156
3599.50854492
7163.49365234
4870.72167969
4308.56298828
3927.89892578
4227.69335938
3866.40917969
3009.17626953
3009.17626953
3055.87939453
3358.17333984
3983.04418945
1197.64306641
826.014648438
3012.99707031
2942.54223633
2316.29638672
2300.96630859
2405.10131836
1800.63635254
-547.499572754
1805.98034668
1231.70458984
1587.34851074
-1777.10290527
-101.532516479
-101.532516479
-993.857849121
-883.167663574
-2200.88452148
-4501.90917969
-4521.35742188
-4643.71289062
-6652.44628906
-3716.86108398
-4867.88427734
-4867.88427734
-4570.27197266
-6019.27587891
-5988.42626953
-6863.84521484
-6338.671875
-4032.80053711
-6019.15136719
-5226.14257812
-6165.80859375
-5349.00439453
-5983.53027344
-3220.26489258
2120.23754883
-1736.02587891
-1210.3717041
3227.87475586
3227.87475586
1494.30432129
5070.51025391
4939.75244141
6191.328125
2177.50439453
2373.9362793
5809.34277344
4057.13256836
4175.79003906
4175.79003906
6562.09033203
4037.27612305
6668.94873047
2758.04003906
2597.08691406
7265.07226562
5241.10644531
4738.83251953
7693.93212891
6260.37255859
1382.35266113
-2483.03173828
-2497.16064453
-1101.20788574
-1755.68798828
-1102.11340332
-2018.73742676
-2151.6015625
-4712.71240234
-4190.31347656
-4684.21582031
-4526.40185547
-3867.46923828
-3285.81347656
-4741.12744141
-4761.10449219
-6482.33447266
-4931.63330078
-4931.63330078
-3304.91967773
-4621.62548828
-3182.5168457
-4436.40185547
-3129.87988281
-2982.11035156
-2982.11035156
-2982.11035156
-4133.67382812
-3851.91772461
-3152.18823242
-3018.81713867
-2889.66650391
-2781.72192383
-2389.30004883
-2389.30004883
-2162.68774414
-1704.68786621
-1320.64160156
-1421.55480957
-1143.77258301
-1094.72229004
-647.902526855
-431.716522217
-112.384422302
-112.384422302
233.733337402
301.736297607
386.6847229
594.963195801
866.041564941
1140.51953125
1513.45275879
4768.79931641
-460.148620605
1038.50073242
3485.34326172
3196.71655273
2839.10668945
2839.10668945
3028.08569336
2356.62353516
3494.63574219
3494.63574219
3821.44165039
4168.73095703
3658.3125
3817.27441406
4472.01269531
4591.50537109
4591.50537109
4762.51757812
3927.31030273
4819.44677734
3866.87451172
3927.90307617
3379.93945312
2595.90234375
1867.42150879
1867.42150879
788.075378418
-1430.21960449
-2006.88195801
-972.29296875
-373.920684814
-563.401245117
-4531.2109375
-3837.62939453
-3837.62939453
-3269.34033203
-3603.83178711
-3603.83178711
-4235.13476562
-4235.13476562
-4281.59130859
-6538.05664062
-7113.11962891
-4077.41308594
-4452.66601562
-4223.01513672
-4230.87255859
-4478.20800781
-4225.52294922
-3311.30541992
-4877.04980469
-4696.16894531
-4582.20996094
-4482.97265625
-3044.47314453
-4226.93603516
-3949.85522461
-3949.85522461
-3034.61987305
-3065.19165039
-3560.96362305
-2538.41992188
-2192.59863281
-1244.85852051
-2026.08300781
-2026.08300781
1235.71911621
-879.972473145
-154.699661255
3045.36108398
3882.05541992
1358.7409668
3859.31347656
488.173156738
307.408508301
307.408508301
1042.21362305
3842.43920898
2737.7331543
2865.4621582
3709.36572266
3598.36865234
6450.50537109
4442.19042969
6280.53662109
7151.74365234
6388.19628906
6388.19628906
6115.57910156
3587.47387695
3383.10791016
4817.47558594
4760.98486328
3170.57983398
3170.57983398
3088.23730469
4385.47949219
4274.68603516
3288.4387207
3161.56860352
2602.79345703
1718.59387207
1919.93432617
-1016.59509277
-1016.59509277
532.326904297
314.336669922
-679.705200195
-970.180297852
-2826.12890625
-3105.64819336
-2088.20507812
-2400.74145508
-2475.68798828
-2623.36450195
-4153.90136719
-5334.79345703
-4669.40917969
-4371.19091797
-4281.77294922
-4055.55737305
-5227.12011719
-6306.140625
-6336.60351562
-3721.34082031
-3640.34838867
-821.048034668
-4959.80175781
-4138.09521484
-3254.24291992
-3362.66503906
-3113.91967773
-2624.41601562
-3426.69335938
-2421.69165039
-2968.34667969
-2737.65576172
-1933.00549316
-2135.90014648
-4380.61572266
-136.979278564
-1214.92858887
-1021.70330811
-786.074645996
402.933319092
852.242004395
537.069335938
1782.9597168
2300.3671875
5614.92578125
4991.11181641
3238.00585938
3238.00585938
2577.31054688
2689.20922852
4158.2578125
6210.65722656
5147.99414062
3356.92700195
2315.87597656
5097.63378906
6478.72412109
2537.75244141
3684.10913086
3236.03540039
1519.94128418
2997.67089844
3110.65820312
2802.87451172
3706.50634766
2331.26782227
2129.92163086
1824.12585449
1704.88244629
2182.31347656
771.045288086
259.383392334
523.992370605
1485.78662109
1485.78662109
-1892.37097168
-1848.27563477
-1848.27563477
-2233.98950195
-1891.97070312
-2945.00048828
-3512.19555664
-3213.26000977
-2244.79614258
-2821.14819336
-3939.18041992
-3185.37548828
-4415.86425781
-5682.45654297
-7906.64160156
-3522.93554688
-4180.17724609
-4986.67236328
-6654.92578125
-7725.90478516
-2000.71972656
-1923.93041992
-3019.84667969
-3145.33154297
-3327.59545898
-3091.26416016
-3048.98364258
-3048.98364258
-3560.68212891
-2698.82446289
-2389.01147461
-2141.68383789
-2141.68383789
-1473.42895508
-1049.00048828
-713.022705078
-998.926513672
-759.107910156
-608.50177002
-630.682739258
-466.514160156
-280.719970703
-1083.22290039
3776.01635742
1883.76306152
2194.12524414
2194.12524414
2256.2421875
2288.40283203
2903.41601562
2715.37695312
2910.20361328
2999.53149414
3334.87060547
3650.49365234
3902.4699707
4048.20751953
4278.30712891
4316.40917969
4523.41943359
3857.12866211
3542.15161133
4646.97119141
4473.87207031
4414.52148438
5480.00439453
1267.76330566
2062.71264648
1761.57080078
2567.80029297
2858.28613281
2858.28613281
2675.80981445
1836.94116211
1836.94116211
1980.74133301
1261.82226562
1129.10083008
802.903015137
554.016601562
-80.3979644775
-391.946563721
-593.932189941
-794.672973633
-1054.39379883
-1304.06835938
-1712.42504883
-1712.42504883
-2219.17993164
-2371.09594727
-2744.3293457
-3279.63476562
-2087.27612305
-2240.58349609
-2789.35791016
-4293.68847656
-3071.8659668
-3071.8659668
-3145.59521484
-4624.82617188
-6219.68505859
-5637.51757812
-3825.47729492
-6295.99316406
-4207.43896484
-4049.98803711
-4832.23242188
-4891.55322266
-4176.53955078
-4900.89892578
-3091.61254883
-3884.38525391
-4418.33740234
-5215.01855469
-2764.60375977
181.790008545
-2697.73193359
-2206.81079102
-2577.08178711
-2630.3659668
-2559.28759766
-2399.20874023
-2585.12207031
-2282.15136719
-1522.89709473
-960.257873535
1741.7166748
-54.9106445312
399.894836426
399.894836426
-33.209854126
398.432037354
892.031616211
3910.27270508
1479.20092773
2428.76635742
3147.71826172
2237.22338867
4184.20800781
3661.62353516
6902.81640625
6594.80224609
3771.70068359
4949.72949219
4984.8984375
5881.84326172
4612.61572266
3876.41088867
3876.41088867
3434.1105957
3434.1105957
5953.953125
3342.53149414
3385.30664062
4790.76806641
3270.67358398
4531.44824219
4397.30126953
2910.44506836
2832.54174805
3998.10253906
3708.30932617
3494.16162109
3107.21264648
3107.21264648
4026.47094727
2050.60864258
-131.864547729
-670.464599609
-234.942321777
-958.825927734
-1110.44213867
-1227.71960449
-2020.12438965
-2073.07324219
-3869.09863281
-3869.09863281
-4048.22094727
-2215.4375
-2215.4375
-4381.1875
-3528.20605469
-3265.06469727
-3513.64697266
-3513.64697266
-4468.02929688
-4260.37402344
-4050.64550781
-7366.42333984
-7355.87548828
-4737.60595703
-4548.74169922
-4965.74169922
-4725.25341797
-4725.25341797
-3959.74731445
-5001.875
-2826.83007812
-1877.23339844
-4615.69580078
-4124.20849609
-2955.82885742
-4358.82421875
-2302.09155273
-2371.9855957
-1979.43725586
-1818.91113281
-1850.42138672
2056.28759766
2603.56811523
1013.27294922
3257.26367188
452.679016113
732.27947998
2755.15478516
2755.15478516
2521.81835938
3072.91088867
3930.74633789
3258.91430664
8077.94091797
5941.58984375
3514.67236328
5211.40673828
4246.74658203
4857.25390625
5956.01904297
6097.58691406
5407.59472656
4097.79394531
6513.18066406
3980.16162109
4910.48779297
4910.48779297
4771.72998047
5018.70898438
4922.04785156
4796.85107422
5280.41503906
5280.41503906
1450.03686523
148.139373779
17.6391773224
-23.7697639465
2705.96118164
2614.40600586
1056.00024414
955.482543945
-509.130004883
-509.130004883
-3115.18579102
-1643.52380371
-1657.24487305
-3819.44970703
-2873.89648438
-4853.91699219
-4009.69702148
-4139.67431641
-5439.296875
-3273.46704102
-3219.06591797
-3219.06591797
-4203.421875
-6008.51464844
-5928.30371094
-4858.33544922
-4652.83203125
-4977.02246094
-4986.64013672
-5685.97900391
-2354.5390625
-6238.69824219
-3747.23022461
-3922.29614258
-3258.90283203
-3001.65673828
-3001.65673828
-7790.84716797
-3108.78710938
-3108.78710938
-2622.30175781
153.249130249
-2278.48754883
-1420.68823242
-1536.24719238
-2188.7253418
-3108.47753906
-1675.60742188
-864.47467041
2178.99633789
3581.39746094
3581.39746094
2429.00756836
2076.36425781
1819.82446289
2475.59375
3747.43920898
3851.23779297
4043.30786133
3498.39941406
7330.61230469
8812.26367188
6427.44287109
6288.49414062
5946.03369141
5946.03369141
4681.99316406
4485.94921875
4246.32617188
6976.42871094
3584.4128418
4531.87304688
2694.63012695
4188.88574219
3207.98413086
2939.18041992
3402.18530273
1131.64819336
3473.9140625
868.713867188
3205.54858398
2865.55664062
2865.55664062
-34.0080451965
334.807525635
1544.3145752
958.433837891
696.841918945
1046.72766113
-1851.66992188
220.946182251
67.5362930298
-3063.1862793
-3063.1862793
-3291.63378906
-3354.52368164
-1307.7947998
-2779.81030273
-2734.51464844
-4454.14697266
-4315.34472656
-4171.6953125
-4518.609375
-4826.51269531
-4405.40478516
-4229.96582031
-3989.34545898
-3929.35205078
-4596.22607422
-2631.88110352
-6015.2265625
-2582.56298828
-2068.35229492
-5101.43212891
-3640.30810547
-5711.83007812
-5711.83007812
-4279.10253906
-1591.64099121
-3900.59570312
-2976.92895508
-2597.2902832
-2810.83837891
960.63104248
960.63104248
1360.01879883
1601.29602051
1728.08581543
419.876342773
419.876342773
1545.22314453
1965.17138672
2214.71069336
2136.30932617
2244.19848633
2680.51977539
2310.90332031
2570.94726562
2637.89355469
2942.42504883
1328.23400879
2448.21557617
2173.95605469
2173.95605469
1972.81152344
2822.58642578
3493.5715332
3430.00976562
3599.1340332
4566.59423828
4066.6953125
4066.6953125
4637.84863281
3710.56616211
3755.35351562
3857.74072266
5229.17919922
5229.17919922
5060.99853516
2931.32836914
3556.62060547
3556.62060547
2982.88793945
1744.39575195
1744.39575195
1744.39575195
9597.1640625
4215.34033203
3370.91479492
3631.7487793
2806.671875
5148.65136719
5104.09521484
10.1573905945
4537.33300781
1653.85852051
2381.36303711
2980.31201172
2003.76074219
2189.30908203
1950.25939941
-576.435974121
-105.23008728
-105.23008728
874.870788574
874.870788574
-1693.53442383
518.430908203
502.139434814
-2221.40844727
-3791.57202148
-2506.27416992
-2852.21118164
-1587.20959473
-3708.25341797
-4412.53662109
-3076.71777344
-4144.95996094
-5199.51806641
-5199.51806641
-2630.84667969
-2030.44006348
-5348.15917969
-4936.59277344
-3522.57202148
-2799.12768555
-3536.17602539
-2682.72998047
-2682.72998047
-3134.10742188
-4887.61328125
-7964.25146484
-2325.34008789
-2325.34008789
-4441.95263672
-4441.95263672
-4906.84277344
-3739.83251953
-2363.39672852
-4108.2890625
-4108.2890625
-1144.06665039
-1265.53808594
-912.286560059
-1396.58374023
-86.5755081177
-1602.82958984
-1653.67578125
-4468.5859375
-2604.86743164
-3358.07836914
-452.863067627
1068.65307617
1068.65307617
-686.34161377
167.90234375
545.572265625
5652.61425781
5979.37109375
4184.67578125
5384.99951172
4663.15917969
2549.42041016
5377.55078125
2749.43994141
4355.08154297
4410.21777344
3899.27368164
4775.29541016
9311.81640625
4145.81835938
4145.81835938
2879.45703125
2759.38549805
3818.88842773
1515.83581543
1254.91430664
1093.92358398
1125.92578125
978.051635742
914.77166748
898.03112793
1312.65966797
709.598876953
3715.83959961
715.683776855
1240.08361816
231.848907471
-362.800170898
-276.050872803
-394.501678467
-575.319946289
-476.868652344
748.407226562
748.407226562
748.407226562
-2099.27490234
-485.56842041
-4658.50537109
-2610.42651367
-3613.59204102
-693.915039062
-3954.08862305
-3882.97802734
-4751.64746094
-4953.62988281
-4897.27978516
-3816.8059082
-3693.87109375
-3821.75756836
-3821.75756836
-3168.68017578
-3784.18359375
-2663.84912109
-2125.45947266
-2867.47900391
-3685.20532227
-3631.84765625
-3686.67016602
-3612.66992188
-3610.15649414
-3604.68237305
-2743.44604492
-6180.02880859
-4572.6171875
-3951.6640625
-3066.83129883
-3039.3125
-3008.08740234
-3205.52392578
-2171.73046875
-2171.73046875
-2383.9050293
-3692.8737793
-4423.55371094
-5749.95703125
-6261.11230469
-6261.11230469
-7242.98876953
-3891.44726562
-2069.76147461
511.971221924
340.102935791
-1617.71520996
-1617.71520996
654.516052246
873.974060059
1424.52368164
1424.52368164
1481.42895508
1597.61987305
1825.61730957
1959.95861816
1923.16943359
2005.00756836
2283.62304688
2657.69287109
-1230.20373535
1299.05334473
663.492736816
1137.04919434
2407.85229492
2957.32373047
3012.93530273
2902.89233398
3181.18115234
3149.70117188
2724.14916992
3466.03076172
3469.82324219
3549.96386719
3357.30004883
1012.49023438
3956.83032227
4041.82543945
3800.46655273
2881.97753906
3664.37036133
3340.01391602
3763.01831055
3723.28613281
3634.30639648
3144.34887695
4201.89111328
3663.51367188
3723.42285156
5555.66748047
6070.77197266
2833.47338867
3721.41235352
3735.19116211
3735.19116211
3542.2019043
3805.76098633
2262.56494141
2378.39453125
1859.57714844
2163.24145508
3516.0078125
4669.46484375
4989.66601562
5736.16357422
6746.01904297
1718.24047852
1506.5513916
1506.5513916
1227.83728027
592.387695312
730.86541748
300.623626709
289.86730957
1807.48742676
1472.57189941
711.685974121
149.211746216
106.290863037
135.218338013
-46.3743515015
-349.238433838
496.01449585
72.6044921875
-722.674926758
2912.12011719
-911.315734863
-1244.38146973
-1094.64685059
621.661071777
2400.05126953
1482.50610352
-779.449890137
-1116.17041016
2306.66845703
-2055.92724609
-1964.60424805
-2801.0690918
368.132110596
178.03326416
-2525.65185547
-2076.31567383
-2353.74804688
-2649.6418457
-2760.09887695
-1352.6184082
-1406.82409668
-3183.18139648
-3777.69604492
-3299.92700195
-5237.22509766
-3799.90869141
-3391.19287109
-7790.25537109
-7790.25537109
-5296.64257812
-4190.94433594
-3788.14257812
-3750.34667969
-3738.26586914
-3824.10571289
-3629.57641602
-2170.88037109
-2745.13720703
-5957.73681641
-6213.26074219
-1924.58374023
-1924.58374023
-1924.58374023
-9781.30566406
-5745.97314453
-2003.08227539
-5229.39013672
-5229.39013672
-5229.39013672
-1858.03393555
-1858.03393555
-3931.67089844
-3669.76025391
-2056.49536133
-1218.93859863
-1763.84338379
-1686.20959473
-633.393737793
-1785.01049805
-5606.37255859
-295.183807373
-295.183807373
6.55096960068
-741.136657715
-920.681762695
271.272277832
201.397140503
285.483673096
571.459655762
-5.75569343567
776.815917969
464.887023926
178.326293945
1053.00195312
1233.64355469
1441.74938965
-459.390228271
1411.63806152
1493.10620117
1593.39099121
1972.07946777
1972.07946777
1999.47119141
2302.94091797
2080.53198242
2243.28515625
2449.71435547
2551.63769531
2332.98388672
2741.28491211
2365.94946289
3114.59838867
2337.18701172
3311.60839844
2128.23022461
3005.2097168
2474.11669922
-346.671478271
3110.68530273
891.009765625
3367.84863281
3738.14941406
3400.97705078
4675.59912109
3928.30981445
3928.30981445
3681.36157227
3108.02001953
4044.27880859
1230.37487793
3086.85571289
3088.24633789
3088.24633789
3088.24633789
4214.22705078
3693.46044922
3929.81787109
4504.10546875
4654.05908203
5497.65283203
2314.28759766
2314.28759766
2957.67260742
3987.37060547
2542.65966797
5675.18408203
3513.15063477
3569.47241211
2817.14648438
6061.18701172
3711.58447266
5907.46484375
3555.71289062
3222.42285156
2929.48706055
2741.20776367
3673.64990234
2418.25097656
1720.97741699
7150.06005859
1408.3548584
6267.25585938
5311.04589844
1522.8359375
1474.50939941
1171.17578125
839.121032715
839.121032715
615.855224609
901.939208984
430.734313965
527.006286621
732.365478516
817.051879883
414.930633545
97.5891723633
2043.20800781
2107.96386719
2904.64624023
-1389.36169434
-1448.08117676
-1471.8145752
-1686.86608887
2000.08410645
-1840.46850586
-1928.40466309
-1895.44042969
-2266.70581055
-2287.88110352
-2287.88110352
-398.474639893
-2993.04931641
-2993.04931641
-2993.04931641
-3081.32006836
-3178.91699219
-3635.42749023
-2756.35375977
-3577.54125977
-4309.19726562
-3524.55371094
-3265.66650391
-4018.31396484
-4029.94042969
-2995.04394531
-1473.43286133
-1599.81762695
-3684.1953125
-4330.83447266
-3342.06298828
-5837.23193359
-3625.20483398
-3560.99560547
-7867.59375
-2619.93603516
-2245.80053711
-3451.10717773
-2030.73669434
-6219.86816406
-2974.85009766
-2245.91967773
-3636.31274414
-3595.89135742
-2705.52197266
-2108.35131836
-6914.71630859
-3550.48925781
-1369.68859863
-3675.41894531
-2669.37109375
-867.42199707
-1570.83178711
-1907.00891113
-785.904724121
-804.600158691
-707.463256836
-708.456298828
-5401.29003906
-1814.31091309
-1814.31091309
-267.473571777
-656.720458984
-656.720458984
704.497558594
991.752441406
1008.11993408
1089.92919922
1254.69836426
-2044.9473877
-1294.5546875
-1474.7088623
1305.59130859
1305.59130859
2052.17700195
2163.17504883
-1583.63110352
2292.44433594
1928.51342773
1928.51342773
3523.71044922
1857.71862793
2120.02319336
4821.50830078
5052.26757812
5105.65576172
3490.87573242
4156.29736328
4025.15014648
3970.31201172
3782.21508789
3266.96777344
6566.86376953
6714.08300781
4663.09179688
4303.7578125
3332.37133789
4351.42675781
3162.28710938
3970.49487305
2257.31420898
2817.91894531
6009.39892578
2791.53466797
2232.28515625
2418.01733398
3142.53759766
3325.46899414
6759.14111328
7969.34033203
2704.67358398
2998.04760742
2671.56713867
2159.08398438
3448.55517578
2427.7824707
2726.04736328
720.940124512
1165.56604004
458.727111816
5090.83154297
2835.80615234
1849.55444336
2556.8215332
1866.3671875
726.485046387
284.613067627
-2084.03125
-2084.56005859
-1596.12512207
1438.5546875
-18.2338027954
-279.174957275
-541.498413086
-3069.99267578
-3054.30932617
-2853.13061523
-2659.91870117
-2608.68676758
-2853.47167969
-3749.56958008
-3079.86645508
-3107.66259766
-4040.76660156
-3579.63208008
-4539.96728516
-3880.12988281
-4171.39160156
-3211.84667969
-4364.11230469
-6135.04345703
-4763.17675781
-3147.74389648
-3414.28076172
-3709.2175293
-2428.29516602
-6475.44628906
-5790.55175781
-4931.37988281
-6408.26269531
-6408.26269531
-3663.95043945
-6145.42919922
-2917.77099609
-2917.77099609
-5347.90039062
-5529.93896484
-6624.76220703
-6624.76220703
-1049.56359863
-1890.19091797
-1099.40722656
-1760.10498047
-1793.70507812
-3919.60546875
-4151.02099609
-470.724243164
-2650.1809082
-952.492980957
-339.701324463
-408.542236328
-238.772674561
-2675.22900391
-125.656806946
398.268096924
-2424.78320312
-1069.37304688
205.645370483
484.340698242
2425.11450195
2425.11450195
2540.55810547
458.121765137
2258.17260742
2258.17260742
3417.68505859
4077.33789062
4509.48291016
4946.39599609
5126.16113281
3393.83251953
3075.71166992
4553.63037109
6008.73583984
6056.06005859
6618.39355469
4707.53320312
4842.75585938
5256.93017578
7381.70458984
6183.36621094
3029.44555664
3285.77416992
2095.22973633
3254.14282227
4064.48754883
3057.67919922
2103.15820312
3242.30957031
3242.30957031
1255.03613281
1255.03613281
3689.87915039
1430.34033203
-229.193527222
-229.193527222
1258.17626953
607.814453125
-1384.42663574
27.6991596222
-351.542175293
-1887.30273438
-2561.98706055
-3401.63598633
-2203.68896484
-3515.58178711
-3058.9230957
-4550.07080078
-3687.21606445
-4823.55175781
-5932.33544922
-4672.49267578
-6329.76611328
-5442.87988281
-4639.95263672
-6390.74609375
-3928.93847656
-4882.26074219
-3518.52734375
-2313.67749023
-5285.00976562
-3096.81176758
-5566.3359375
-5834.40283203
-4721.23144531
-4048.64892578
-3851.93652344
-3864.02392578
-4839.58837891
-1046.50817871
-4104.84765625
-1872.90905762
-2271.05273438
2796.51196289
3612.74536133
4938.62304688
3278.39526367
4822.95556641
5579.31835938
5691.75292969
7138.82128906
7138.82128906
6008.74951172
5341.8671875
5417.45947266
5417.45947266
5417.45947266
2925.18798828
4113.35791016
4817.49414062
750.97277832
750.97277832
792.783874512
792.783874512
792.783874512
2997.87719727
841.685302734
841.685302734
841.685302734
3542.82324219
-355.346557617
-355.346557617
1831.70336914
-1057.91809082
-1057.91809082
-1057.91809082
-875.221801758
173.578857422
367.767730713
-2452.14282227
-452.249481201
-4740.046875
-3875.07836914
-4184.18164062
-3833.53320312
-2985.80126953
-2696.98608398
-5435.53222656
-5435.53222656
-4684.82666016
-3576.73461914
-4409.04199219
-4409.04199219
-6767.45849609
-6499.37207031
-1963.93933105
-5806.6953125
-5190.07421875
-2347.14648438
-2967.95898438
-1638.92626953
-2894.99804688
-980.55871582
759.335510254
-155.811248779
451.67401123
1855.93310547
2289.85180664
3250.20336914
3801.84033203
4053.81811523
3414.55957031
4542.23388672
3064.70800781
4556.56298828
4989.56542969
4989.56542969
5046.17138672
5046.17138672
5372.21533203
5825.24658203
4134.91357422
6277.89404297
5510.5625
9002.37109375
6757.11474609
3746.1862793
3607.13256836
4885.09765625
2543.43994141
3767.59033203
5131.36083984
5103.46826172
4469.68212891
6038.14501953
1497.57629395
4151.93847656
5249.66894531
5757.68847656
3982.48803711
4075.27807617
-391.758605957
1011.25738525
1011.25738525
-772.184997559
1298.89416504
-1840.57446289
-163.667190552
-295.110870361
-3070.43969727
-3801.59179688
-3809.85595703
-3911.21166992
-3168.86865234
-5196.41308594
-5408.50976562
-5545.70019531
-3167.75708008
-5300.46142578
-4355.31884766
-4050.91064453
-4894.60546875
-11218.7148438
-7515.98974609
-6562.47802734
-9115.04003906
-4314.52978516
-5004.55810547
-6865.49462891
-2966.57421875
-1283.2635498
-4608.85888672
-4044.18676758
-1521.04846191
-3636.35375977
-3368.75170898
-3196.83959961
-3196.83959961
-1811.67810059
-1250.44360352
-4447.38037109
867.288635254
-156.153030396
-1046.46337891
-2124.86035156
1702.88244629
1970.0637207
1970.0637207
-1402.50622559
2223.43798828
2226.24975586
2226.24975586
2114.90161133
3195.10766602
3767.43261719
2890.97998047
5281.48535156
5516.59667969
5516.59667969
4359.97558594
4158.44384766
5257.70117188
5661.89111328
4365.79003906
3582.97021484
5410.57958984
2981.01782227
1600.19799805
1287.34387207
5393.64648438
2989.12060547
3613.47119141
1032.48168945
1034.20471191
1115.27929688
964.480957031
-97.0300598145
3426.38842773
1849.4609375
3563.75585938
-1021.29577637
1541.84350586
1007.13165283
294.205932617
-71.2660827637
-411.301269531
-1298.72717285
-2349.18505859
-4157.55078125
-2557.76928711
-2823.29711914
-3800.68310547
-5061.59082031
-3564.49462891
-6011.12060547
-6590.15478516
-5716.34277344
-5154.28027344
-5154.28027344
-3320.37133789
-2527.95117188
-2527.95117188
-2261.4074707
-3288.40527344
-3290.93481445
-4449.86669922
-2972.74609375
-1966.5793457
-1548.6628418
-3949.70214844
-2213.46337891
-1457.84997559
-2601.73242188
-640.243103027
-4930.67871094
-2581.15478516
-4613.87402344
-488.322540283
-692.226257324
-692.226257324
-1002.36688232
-2527.54980469
-1684.20849609
-1519.50366211
-1519.50366211
-929.63079834
-448.315734863
255.206832886
2732.56152344
2779.59765625
3423.32055664
2975.47827148
3297.27246094
3253.36279297
3257.39111328
3268.59790039
3532.75830078
3203.58740234
3656.57958984
3270.46948242
3604.57250977
3604.57250977
3063.92504883
5167.57666016
5825.24902344
7219.43212891
7373.10595703
4008.72827148
3565.29614258
7625.58203125
4839.35205078
4839.35205078
3629.99414062
6194.59277344
7408.96240234
7181.24755859
5364.53271484
5364.53271484
2786.3137207
4023.30566406
3306.39941406
4076.48168945
2929.23803711
2929.23803711
5495.69628906
4328.40087891
3479.21923828
280.921539307
280.921539307
280.921539307
823.1484375
1078.80212402
-401.998748779
209.197509766
448.562042236
-552.905578613
-1007.02105713
1136.9630127
1140.65783691
903.479125977
894.988098145
-13.4124355316
-210.82800293
-2630.49926758
-3690.91821289
-3690.91821289
-3690.91821289
-3585.41088867
-2185.5625
-4059.4284668
-2881.60766602
-4827.72216797
-2143.3293457
-4414.88037109
-4882.93261719
-6740.61865234
-4100.37011719
-4100.37011719
-1792.0859375
-2656.20410156
-6488.73339844
-5215.69433594
-4859.36474609
-8979.20019531
-7951.75439453
-4805.34863281
-7789.52197266
-3610.58276367
-4880.59521484
-4805.36328125
-3338.75146484
-3729.01708984
-3729.01708984
-3660.93432617
-3629.24707031
-933.358764648
-3943.44970703
-2853.20336914
-948.354736328
-1611.51403809
-1283.54724121
-1283.54724121
-474.886535645
-474.886535645
459.881378174
2987.00512695
238.592086792
2913.58032227
3034.99707031
3034.99707031
3897.69506836
3594.02148438
3602.15942383
3860.47729492
3860.47729492
1199.81152344
4139.72070312
3799.12866211
3871.90649414
3986.19506836
5369.88134766
4314.63232422
4466.68701172
5288.42578125
5288.42578125
6732.60888672
4240.43115234
2056.92041016
3444.19042969
3472.23876953
3037.78857422
3092.25415039
2417.43676758
3346.41308594
2397.08276367
2749.29858398
2834.56054688
6105.37548828
8105.28320312
5941.04101562
5324.13525391
992.151062012
992.151062012
899.36706543
722.163696289
3598.90844727
4655.67626953
3111.09960938
-586.495239258
858.287109375
-146.983856201
2221.21801758
2884.01245117
227.21723938
491.791748047
-959.580322266
1026.15771484
389.722259521
65.320930481
35.7683563232
-2519.83642578
-2834.77099609
-2834.77099609
-2894.62133789
-2866.30273438
778.727722168
778.727722168
778.727722168
-4489.48486328
-5176.24658203
-3839.26464844
-3198.82226562
-4888.87646484
-3563.53710938
-2792.79638672
-4153.734375
-5077.89208984
-3563.05761719
-3900.10888672
-4758.08154297
-3637.97607422
-6775.02441406
-5452.54345703
-5413.23779297
-5726.58300781
-1719.28894043
-5290.85498047
-3871.00512695
-3871.00512695
-6508.68994141
-1665.98632812
-82.2421722412
-405.037506104
108.676231384
567.177429199
695.462036133
298.385375977
-146.111175537
617.19342041
732.80456543
1100.05407715
1083.52746582
936.257324219
1456.82836914
1616.23449707
1452.36010742
-2057.13696289
1956.26855469
2162.90234375
1895.27575684
1774.70617676
2174.90112305
2463.2421875
2228.89794922
2465.86523438
2367.83862305
2848.69042969
2359.3605957
2761.20263672
-1326.47973633
1969.75695801
1969.75695801
1850.96398926
2765.99291992
2735.56030273
2915.38745117
3748.34985352
4577.78759766
352.140563965
2515.67675781
2515.67675781
3220.07495117
5871.01611328
4522.28320312
4201.22949219
5015.125
4852.79541016
2699.23046875
3442.4921875
4234.76806641
2688.44726562
3301.03662109
3089.54589844
3089.54589844
3686.22583008
3164.62817383
3156.2890625
1690.0489502
1868.32287598
2688.40625
2688.40625
2688.40625
1849.79553223
1849.79553223
4072.23583984
2212.11376953
5265.69726562
3310.89526367
1309.94311523
1217.73583984
1044.0769043
1184.94506836
1006.76470947
768.380859375
491.351867676
1154.99926758
1154.99926758
806.587524414
103.064811707
73.1905822754
-462.691467285
2883.4284668
-241.35055542
-332.633728027
-467.571838379
-586.99005127
-793.940246582
-938.156799316
-938.156799316
-1111.22155762
-1366.65283203
-931.914367676
-950.120605469
-1507.33764648
2129.04589844
-909.476623535
-2706.05639648
-3000.92163086
-3038.32739258
-3353.59619141
-3271.85400391
-3494.80322266
-3494.80322266
-3301.0859375
-4252.23046875
-3516.71020508
-3507.9987793
-2967.52880859
-3090.67919922
-4258.921875
-4716.8515625
-3678.08569336
-2456.12109375
-5743.55322266
-5683.46533203
-4596.41064453
-6773.10351562
-4616.74072266
-6534.79736328
-3148.12475586
-4406.67382812
-4215.04736328
-2068.49072266
-1374.19677734
-4502.48144531
-4483.67626953
-4035.30200195
-4085.09716797
-2764.51269531
-642.025512695
-1535.57568359
-1899.38452148
725.338745117
1016.70391846
-914.261962891
2143.85864258
2789.51611328
2848.25952148
5192.14013672
6716.09228516
5160.23095703
5586.81054688
4085.15258789
3182.32080078
3182.32080078
4756.87109375
4921.20605469
4857.51513672
4420.10546875
5772.77001953
5772.77001953
3587.81347656
6088.36816406
6122.20654297
4309.00585938
4189.70898438
4189.70898438
1301.39379883
3539.58886719
3102.84301758
2608.87158203
-175.596038818
1213.84814453
1213.84814453
1800.46594238
813.630493164
699.188476562
589.396057129
-484.865020752
-311.771972656
-835.415527344
-494.770965576
-636.699707031
-636.699707031
-1492.77331543
-878.04486084
-2003.93017578
-3144.48022461
-2800.28881836
-3608.40771484
-3523.6640625
-3494.28466797
-3619.89892578
-3784.1875
-3905.52612305
-3890.79199219
-4074.3515625
-4074.3515625
-4074.3515625
-4060.27587891
-4161.34375
-4221.93896484
-4232.58740234
-4281.22802734
-4335.37353516
-4335.37353516
-4385.49072266
-4423.63964844
-4451.64794922
-4480.37646484
-4501.81982422
-4430.63623047
-4257.43896484
-4019.24951172
-3748.5012207
-3680.35986328
-3619.41357422
-3503.11108398
-3317.97583008
-3189.27270508
-3109.52539062
-3109.52539062
-2742.23681641
-2642.41601562
-2479.06225586
-2399.34277344
-2152.5715332
-1387.71337891
-1180.84106445
-1073.44018555
-1073.44018555
-218.184738159
99.5351028442
636.593261719
843.369628906
1056.22851562
1366.3996582
1472.24328613
1962.03393555
2151.87524414
2336.16210938
2336.16210938
2426.90673828
2602.89868164
2602.89868164
2856.39672852
3317.71044922
3456.4362793
3456.4362793
3522.62353516
3649.17260742
3709.36572266
3927.73583984
4063.17626953
4063.17626953
4063.17626953
4133.59716797
4325.96044922
4346.88867188
4402.58154297
4424.32226562
4429.74951172
4435.19042969
4364.48681641
4331.70751953
4312.77539062
4312.77539062
4312.77539062
4188.41748047
4100.41845703
3971.25390625
3753.84423828
3640.72265625
3386.32446289
3176.12402344
3103.82739258
2700.01953125
2608.82348633
2431.05712891
2431.05712891
2002.37939453
1773.01257324
1486.0604248
1287.43579102
1084.31506348
878.007019043
575.411804199
483.358123779
155.632202148
-68.8299484253
-173.134185791
-380.627288818
-514.027038574
-900.739135742
-1004.1920166
-1191.47680664
-1191.47680664
-1394.92858887
-1580.14501953
-1580.14501953
-1793.93347168
-2071.95288086
-2424.29248047
-2595.30932617
-2595.30932617
-2824.40063477
-3217.15356445
-3292.36132812
-3504.48095703
-3570.47094727
-3730.7097168
-3730.7097168
-3980.44091797
-4093.28759766
-4130.51708984
-4182.97119141
-4260.98291016
-4217.57226562
-4217.57226562
-4284.94140625
-4339.53466797
-4339.53466797
-4339.53466797
-4317.25390625
-4229.17431641
-4218.14355469
-4211.48046875
-4179.00292969
-3968.02075195
-3466.98046875
-3403.10839844
-3305.0546875
-3208.1862793
-3127.21386719
-3060.04199219
-2836.55102539
-2603.76171875
-2295.91821289
-1944.8894043
-1631.96569824
-755.743896484
-550.338500977
-242.959609985
-139.512619019
-38.2427940369
68.9771652222
417.953186035
486.257415771
888.43170166
987.91217041
1483.28063965
1770.67822266
2203.91943359
4213.39794922
5848.29052734
6981.6484375
4914.23339844
5777.74414062
6771.40820312
2819.53466797
3811.34472656
1511.42199707
2968.88598633
5546.71679688
8569.68261719
4761.94189453
3780.92871094
3450.31103516
3761.88232422
6502.67431641
6502.67431641
2699.87426758
2348.55737305
2292.76782227
2222.86132812
2066.43261719
3901.2644043
1125.32250977
919.264831543
654.140441895
654.140441895
162.40914917
-511.867218018
-511.867218018
-907.816833496
-1152.57055664
-1468.51538086
-1618.04504395
-1618.04504395
-2625.59228516
-2546.67871094
-2546.67871094
-2254.8918457
-2254.8918457
-2732.82958984
-1460.34631348
-3793.60107422
-1801.78356934
-1902.57836914
-4946.54785156
-4413.85205078
-4905.9453125
-4278.32519531
-6010.37207031
-5168.54541016
-4622.72949219
-5802.07763672
-4505.19824219
-4505.19824219
-3032.63085938
-2735.06494141
-2904.53198242
-2691.21899414
-2803.85668945
-2508.52026367
-2047.55200195
-2012.43017578
-1538.30383301
-1318.63964844
-882.454528809
-844.641174316
-500.60848999
-174.136032104
-179.735519409
223.191009521
541.469360352
715.994506836
1723.88220215
2231.34570312
3175.92724609
2790.72119141
3067.36791992
1732.03320312
6501.20507812
5933.02539062
5933.02539062
4279.63574219
4651.7109375
4367.47802734
4251.85791016
3915.34912109
4263.30126953
4198.58056641
4611.13964844
4944.37548828
2691.62768555
3313.05957031
3313.05957031
2977.34423828
3170.83056641
3479.65893555
4118.4296875
4714.25146484
4714.25146484
4240.06738281
3385.5222168
3357.08813477
-349.908477783
-349.908477783
3242.78637695
-887.442565918
-990.002319336
-885.337463379
2904.20019531
636.80859375
2678.39697266
-164.832168579
-1302.22924805
-1302.22924805
-420.476318359
-897.23651123
-1345.79528809
-1568.83447266
-1878.52355957
-2335.57763672
-2209.43774414
-3045.47583008
-3215.65014648
-3242.89160156
-3459.17163086
-3277.44458008
-3277.44458008
-3277.44458008
-3758.62036133
-3758.62036133
-3846.59716797
-3838.02832031
-3838.02832031
-4167.37207031
-4167.37207031
-4249.76074219
-3909.68823242
-4267.14550781
-5362.60644531
-4562.08154297
-4562.08154297
-4620.52246094
-3413.52441406
-3886.8347168
-3925.80981445
-3975.42211914
-3601.875
-3910.57446289
-3507.61328125
-3384.85620117
-3641.34472656
-3018.00805664
-3201.25073242
-2548.27807617
-2548.27807617
-2648.43530273
-2142.93261719
-2023.81945801
-960.861572266
-891.16027832
-616.951416016
-429.125152588
313.917236328
295.443206787
1134.93835449
-1522.10620117
1422.05615234
1585.98181152
1863.88879395
2969.04223633
3356.76831055
3356.76831055
6771.71533203
6771.71533203
4217.41796875
3194.85400391
3194.85400391
6001.19970703
5577.07861328
2989.80541992
2504.19726562
4408.93554688
5670.91259766
4151.57275391
2699.16967773
4264.63574219
5822.52246094
4161.63574219
2772.8840332
5289.53759766
2331.14208984
2740.56005859
2096.65112305
1687.4354248
1947.0189209
2656.95556641
2748.38671875
2263.0144043
2263.0144043
-136.888092041
2240.20385742
1781.69555664
-235.837478638
-462.39855957
2105.89526367
2105.89526367
-674.796081543
-674.796081543
-949.993225098
-1744.09411621
732.608825684
732.608825684
-38.5156860352
-478.319152832
-324.803283691
-1271.16223145
-2570.61889648
-2570.61889648
-2570.61889648
-711.071105957
-1545.31652832
-4181.00683594
-1856.46179199
-2832.45898438
-2812.9987793
-4315.25195312
-1955.52587891
-4318.36132812
-1789.69482422
-5689.60107422
-6656.33203125
-6656.33203125
-2791.1640625
-5043.58398438
-5076.80566406
-4982.41308594
-5143.38574219
-3984.6105957
-3984.6105957
-3684.97387695
-2849.0246582
-3725.54980469
-3822.77124023
-3650.45068359
-4523.59228516
-3250.43969727
-3328.68286133
-2959.01049805
-3184.38183594
-2824.49194336
-3036.86987305
-2521.57373047
-1442.74035645
-2527.03588867
-4036.88623047
-1073.30810547
-2335.58569336
-2543.57617188
26.6841678619
-1752.05786133
1858.45263672
-579.854125977
-395.782775879
-1024.93115234
-960.27722168
4070.546875
4070.546875
4155.30957031
32.2612075806
32.2612075806
2600.10742188
2680.51635742
3879.83276367
3033.55688477
1845.58081055
2780.99291992
649.551269531
4179.54541016
1380.66662598
3292.82714844
3292.82714844
3091.53515625
3660.53442383
3677.00585938
4780.31738281
3096.43774414
263.882904053
3885.05444336
3885.05444336
1922.43811035
3833.63818359
3114.91870117
2004.88684082
3114.32275391
3091.42602539
3408.00854492
3695.64990234
1873.78283691
845.670227051
2876.77832031
924.251464844
2223.82055664
1364.71813965
-1561.65124512
956.761779785
628.416442871
628.416442871
-2878.37280273
-2638.30566406
205.12902832
-49.5429801941
-3173.68994141
-326.091125488
-1090.34912109
-1734.52099609
-693.310241699
-3138.81689453
-2085.7121582
-3332.06030273
-3003.50390625
-3615.69482422
-3788.39819336
-1949.60168457
-2730.75708008
-3783.55761719
-3783.55761719
-2816.84960938
-3222.94189453
-3222.94189453
-3733.28979492
-2103.62304688
-2702.5246582
-2919.06494141
-2919.06494141
-3911.84301758
-2919.43798828
-2260.11206055
-3264.35986328
-2307.49658203
-1722.93310547
-19.7391300201
1357.40466309
1357.40466309
-1327.42272949
2145.63208008
-1203.0793457
-992.261230469
-992.261230469
-848.536987305
-848.536987305
-528.915283203
-528.915283203
37.2444648743
1586.02709961
-353.076873779
-260.559020996
212.986251831
321.93939209
2391.19042969
2391.19042969
2087.66479492
1145.44995117
1869.61682129
1869.61682129
2594.18676758
2501.96826172
4487.88085938
3465.01367188
2483.30566406
3405.97241211
2880.14526367
3154.14477539
2179.27734375
3281.23730469
5457.73242188
4331.75292969
4113.21972656
4033.1418457
3651.07714844
3157.93139648
4031.98266602
3501.41699219
2887.18969727
2638.60400391
3355.92675781
3355.92675781
2733.8527832
3142.96606445
3583.24902344
4723.60009766
1015.9621582
1015.9621582
687.298400879
2304.73095703
2725.0
-25.8630008698
1965.34680176
2074.59545898
829.979125977
1838.75109863
1563.37963867
1036.73669434
543.092590332
584.772705078
500.085662842
-2864.65112305
-2184.31665039
-2184.31665039
-3273.92114258
-1787.47766113
-2484.79248047
-2484.79248047
-1591.59387207
-1591.59387207
-1297.04797363
-4970.09082031
-887.369262695
-887.369262695
-2350.49511719
-2350.49511719
-1093.28125
-1665.70007324
-3451.70092773
-4092.86254883
-4275.88769531
-2865.06787109
-1405.60754395
-1528.18615723
-1893.36193848
-2206.63256836
-3309.25634766
-3309.25634766
-4594.34472656
-3815.67480469
-3815.67480469
-4121.44042969
-4611.61816406
-2603.99707031
-3610.9987793
-2450.82763672
-2450.82763672
-2899.42041016
-3029.41186523
-460.187713623
-3042.56835938
-262.832641602
28.0210037231
-2202.81665039
-2202.81665039
707.735961914
707.735961914
-1647.83166504
-1525.99816895
698.411804199
1009.73425293
112.189285278
1534.13684082
-241.642715454
-594.938110352
-80.6245498657
-80.6245498657
-80.6245498657
461.257446289
147.077423096
866.227050781
2109.59375
2330.08618164
1806.4128418
2285.39672852
2304.77441406
3272.72387695
2806.90649414
1031.859375
5774.59667969
5761.32617188
5773.79980469
4017.50805664
3750.81567383
4247.97949219
6299.44091797
5132.81738281
3516.26831055
3516.26831055
3177.09765625
3177.09765625
4420.61132812
4392.98535156
4131.43408203
3709.40820312
3391.80639648
3626.45336914
2029.95617676
2029.95617676
2556.04052734
2556.04052734
2668.84277344
3204.56079102
1206.53662109
104.151298523
2597.88989258
0.232648476958
-203.074920654
2384.77587891
387.193389893
894.404907227
2183.81958008
2566.06420898
2520.86181641
1136.39538574
351.553344727
-985.514282227
732.6484375
1069.00097656
950.558349609
950.558349609
635.197509766
843.49206543
425.495391846
217.711898804
-1961.85876465
-282.730041504
-930.475524902
-183.884048462
-1446.79699707
-809.249145508
-1261.48974609
-1007.05993652
-1490.68737793
-2612.40698242
-1173.50817871
-1961.66394043
-1751.37683105
-2709.7253418
-2456.29492188
-3543.31225586
-2100.07763672
-4403.88964844
-3390.21313477
-3652.39477539
-3652.39477539
-2665.86206055
-4110.65185547
-2613.27685547
-4100.96484375
-2933.5793457
-1980.73205566
-1287.30102539
-3601.20483398
-3601.20483398
-3601.20483398
-3831.72753906
-2121.74072266
-3358.13256836
-2106.43603516
-2576.52587891
-2260.31616211
-2306.74780273
-552.000183105
-4388.58642578
-901.916992188
-2046.84191895
-2046.84191895
-1822.95605469
-1822.95605469
-2184.34057617
-1650.05725098
-2164.79052734
-1246.83337402
-128.940673828
-1092.58251953
-1092.58251953
-1076.13256836
-1499.27648926
-653.094055176
-745.048095703
-132.36378479
584.312072754
672.872558594
672.872558594
2305.29492188
2305.29492188
731.479492188
1044.97607422
1753.71228027
1035.5402832
1352.53564453
1449.92321777
1053.33276367
2047.12658691
1736.84118652
5419.97998047
1863.29858398
3729.75146484
3729.75146484
3349.09008789
6213.95458984
3160.24975586
4115.96728516
3910.59326172
2608.17236328
1871.29589844
6773.68212891
2788.43774414
3980.34204102
1962.42675781
3088.27539062
3495.09521484
207.274505615
1205.71850586
2820.44775391
2687.40625
2687.40625
2241.80151367
1600.14941406
1695.21179199
1910.76794434
-651.428894043
1580.77282715
-887.034118652
2003.74072266
800.003234863
1213.3059082
492.276153564
-950.054016113
-1398.54968262
-473.11428833
-46.312210083
-29.2289638519
-2086.51635742
-2086.51635742
-18.4701347351
-3018.3059082
-457.465942383
-2025.29724121
-3199.02880859
-624.339660645
-2034.92321777
-1610.45239258
-6356.52685547
-5030.00292969
-1417.85961914
-2597.04882812
-3931.04638672
-1704.43115234
-2715.94897461
-1805.85449219
-1805.85449219
-4224.53808594
-2769.50195312
-1252.10327148
-3939.44360352
-4027.92480469
-1538.78430176
-1341.58850098
-4260.01855469
-2401.47119141
-2401.47119141
-3643.35351562
-3643.35351562
-1031.96264648
-2589.22729492
-1841.97692871
-2769.73168945
-819.910949707
-1760.43383789
-1562.69506836
-2119.89331055
-1413.82067871
-1500.84362793
-1458.26013184
-745.007873535
-115.355621338
625.956604004
2255.25512695
-261.293792725
2537.08422852
2479.40869141
2479.40869141
287.260742188
694.248535156
651.969299316
1863.04309082
2903.22314453
1354.14892578
1354.14892578
2581.88183594
2328.09594727
685.974243164
2666.75268555
1808.15222168
2201.69482422
2032.76391602
2608.62695312
2428.63110352
2033.13830566
2449.07080078
3910.29663086
3910.29663086
3225.79785156
342.374603271
5373.15527344
4312.16796875
4399.33007812
3202.30981445
3412.79614258
4062.23510742
3700.28930664
2915.07397461
3523.94360352
3509.45239258
2823.6784668
3732.39550781
3394.35571289
4740.9375
1914.56091309
2359.36303711
1090.33447266
2559.46118164
1488.12927246
2507.11035156
304.316986084
2638.37084961
2638.37084961
4272.09716797
1810.55737305
2697.61865234
707.984008789
1587.29431152
-712.178405762
2143.78564453
-1196.14685059
1544.2166748
303.183898926
-523.147338867
-11.4816322327
-11.4816322327
-388.40838623
-388.40838623
-2949.84985352
-1350.96740723
-3581.97387695
-2324.2902832
-870.529174805
-3719.02539062
-3719.02539062
-3614.4296875
-2119.65576172
-2119.65576172
-3736.47924805
-2566.32714844
-2332.81005859
-4601.11962891
-3899.34716797
-2654.49584961
-2340.66235352
-3434.16601562
-3494.75097656
-4570.46728516
-2671.39794922
-3033.36743164
-4735.79345703
-3744.27929688
-3744.27929688
-3596.85424805
-2820.29394531
-1700.9708252
-1890.93078613
-3044.75317383
-5995.45361328
-3374.67358398
-2484.02050781
-3083.02783203
-3083.02783203
-3601.28344727
-3991.84423828
-1752.97827148
-1752.97827148
-2687.98608398
-2001.99987793
-2835.80810547
-1486.85021973
-2904.83959961
-1495.88500977
-2536.02148438
-3407.71240234
-2681.20922852
-2610.85253906
-2240.29931641
-2109.17944336
-2540.76049805
-2540.76049805
345.00100708
767.605529785
401.079925537
-1170.19189453
-1673.09521484
-1473.05249023
380.804901123
1084.2076416
-985.838195801
-937.045166016
1585.11547852
-659.488220215
-955.436401367
2055.40185547
828.243713379
828.243713379
488.144317627
488.144317627
306.389312744
520.28302002
772.402709961
601.36517334
2006.28625488
1268.09106445
1101.33789062
3559.50219727
1275.80151367
2519.72680664
1031.46154785
1896.11157227
2377.41821289
4912.1171875
4659.12451172
4820.77783203
3314.07836914
3970.65625
3901.41259766
3081.59375
4575.04101562
2992.89526367
4269.59912109
3718.03417969
4008.1550293
3261.10522461
5217.49072266
2990.59155273
3006.16137695
2118.31054688
2118.31054688
6153.23339844
3567.30688477
3872.20214844
3958.85131836
2018.08605957
1318.5847168
3044.69311523
3560.57177734
3208.72802734
3109.00415039
3001.84375
2945.02172852
775.264160156
3086.40356445
567.879699707
504.872406006
504.872406006
2324.35644531
2324.35644531
2311.07055664
2673.17480469
1478.54309082
1213.10266113
1617.7253418
-1492.31030273
1138.56713867
1211.88647461
652.363830566
652.363830566
958.387634277
478.562316895
-2785.99047852
295.660888672
-123.567817688
-233.24105835
-233.24105835
-2874.50268555
-957.939147949
-761.600036621
-717.033447266
-3520.69555664
-3339.55834961
-5196.30712891
-4548.7578125
-2297.74707031
-2640.03588867
-2633.79443359
-3518.27978516
-3518.27978516
-8264.51074219
-6832.19189453
-2896.95141602
-2111.24291992
-2936.87792969
-3768.76196289
-3768.76196289
-3892.93676758
-2988.68725586
-3249.25048828
-4034.9753418
-4298.07617188
-4638.38916016
-2651.47216797
-3088.16699219
-3088.16699219
-3725.26147461
-3086.46704102
-2850.27368164
-3488.40869141
-3686.05737305
-4403.94189453
-3547.89819336
-3547.89819336
-3355.47998047
-2869.11303711
-2054.40820312
-2908.95410156
-2461.26757812
-1309.18457031
-2010.32507324
343.407470703
988.285766602
-1465.33398438
-1300.94580078
-1330.56237793
-943.142150879
-975.28918457
-107.776344299
-225.876098633
-9.2728509903
3895.61401367
910.794067383
207.027679443
995.744506836
3571.38745117
587.333251953
3559.58178711
1563.37805176
1355.97216797
4343.50146484
1891.75671387
4601.87158203
2583.43920898
2021.98986816
1539.16687012
3207.06103516
3232.19628906
3918.94360352
3330.66870117
2959.47216797
2959.47216797
5952.35253906
