-0.00469770997147
-1.72459368926e-06
-0.00469767461888
-4.59983537769e-05
-0.00474123135034
0.000100077864387
0.00474110886627
-6.15930604208e-05
-0.0046978711975
6.5140737151e-05
0.00469784151821
-5.29840536018e-05
-0.00474110134448
-0.000100344712927
0.00474101153459
5.31186117452e-06
-0.00474104837446
8.72390401139e-05
0.00474100868437
-0.000100101074002
0.00474094629233
-1.11399218182e-05
-0.00469793432028
0.0179997713572
-0.00871289443109
-0.0161142043725
0.00255570263715
-0.0527562132321
-0.00182838923653
-0.0987993463576
-0.0114480630061
-0.109972007136
-0.0123508297592
-0.14494550953
-0.00147114726242
-0.22716850759
-0.0101850615567
-0.234681316165
0.00294045226869
-0.255858315247
-0.00927589427055
-0.248381039009
-0.0170152714835
-0.242176184493
7.6956430702e-05
-0.243480357352
-0.00333400811459
-0.429229233938
0.000158136451285
-0.149267291804
0.00181941479071
-0.205959454551
-0.00634887222074
-0.254121897573
0.00157835376173
-0.215304078267
0.000385404457729
-0.643270491546
-0.0068234978535
0.769860736098
0.00140082658332
1.0269914507
-0.00872341610325
0.805856369551
0.000864844226732
0.404192210909
-0.00565949870787
0.474939736742
-0.00564976864404
0.447422816032
-0.00301023220474
0.293305947343
-0.00122069765639
0.324692075986
0.00371065599847
0.340724270338
0.00058359489353
0.318392516499
-0.00031228308326
1.00989814478
-0.00425767671002
0.220810373275
-0.0102057456659
0.119709724397
-0.0107395139648
-0.505534091433
-0.0113305061127
-0.678415159911
-0.00594971555101
-0.57478390268
-0.00173397509724
-0.201733855902
-0.00138636128577
0.226558698462
-0.00166944572596
0.0295294779926
0.00419804852974
-0.208422189926
-0.00403836664787
-0.451810067963
-0.00585548715607
-0.283919624727
-0.00216073337623
-0.0793365503807
-0.00146558783138
0.0334558806267
-0.00223295066235
0.0546441538492
-0.00475618450448
-0.287698687177
-0.00100590027777
-0.0490871945044
-0.00176933159336
0.136713939783
-0.00145806130303
0.276508670216
-0.00527103841589
0.28393595823
-0.000494691140934
-0.0516053441345
0.00302482510579
-0.0644958367394
-0.00263206517103
-0.0417280885811
0.0041870837131
0.0879669695073
-0.000274385876993
-0.00592036873297
8.41821879494e-05
-0.26774643338
-0.0037810457779
-0.11415493535
-7.35872326271e-05
0.0049813939857
-0.00154899238748
0.0665387208763
0.000397424587633
0.103493145227
-0.00861683084663
0.0762382622291
0.000763696214737
0.109856215131
-0.00111705995119
0.0149890145448
0.0017333378342
-0.0172978974818
-0.000192760266799
0.0118862767818
0.00115459174557
-0.038212832512
-0.00248992496873
0.0187612763158
-0.000777905376943
-0.0319464488749
-0.00226543233804
-0.00948212141953
0.00257908856811
0.0633309578503
-0.00209683611493
0.063132337108
-0.0016990789102
0.00477131266738
-0.00973095821968
0.0315340705345
0.00270618324477
0.00755653593928
0.000857367429887
0.00370793512217
-0.00164862829354
0.0363789769533
-0.00169464570852
0.0564738097175
-0.00219669009352
0.00932153337688
0.00162492686445
0.0125554524011
0.000340896627189
0.0049041014082
-0.00265464114589
0.0098502637672
-0.0135957453013
0.0436118161207
0.00201278297814
0.0295257143114
0.00262628030093
0.0125507468839
0.0010564004787
-0.0169717543235
-0.00795723858359
-0.0224912512873
0.00223997380423
-0.0109036036899
0.00206144658133
-0.0211373537523
-0.00330069856303
0.0099588518516
-7.91959332136e-05
-0.0107302044619
0.0051895442297
-0.00200578722554
0.00331416910762
-0.00413018502489
0.00176252941358
0.00169084249373
-0.000795983611579
0.00523695898981
-0.00115813406176
-0.00608786003268
0.000963938084526
-0.00365784730624
-0.00420336461934
-0.019412159136
0.000575219664612
-0.0252511557331
0.000213204961988
-0.0329901886416
8.39915255939e-05
-0.037187958114
-0.00319943910432
-0.0338936144799
-0.00449736297326
-0.0340196502618
-0.00471126992485
-0.0308605840812
-0.00474360818372
-0.0362209729905
0.0047847841931
-0.0216576936607
-0.00470571700252
-0.0216130804308
-0.00473185441529
-0.0253903784441
-0.00879512271274
-0.0236883702701
-0.00434479298076
-0.0368599355144
-0.00741775610174
-0.0397096198793
-0.0129849819477
-0.0352293113727
-0.0129849819477
-0.0352293113727
-0.00209295555009
-0.0359966109247
-0.00396282737284
-0.0453672911124
-0.00558997281666
-0.0448930813959
0.000709596814801
-0.0575809331477
-0.014312819056
-0.0609387638983
-0.0036190907041
-0.0498845963791
0.000876754355751
-0.046059077692
-0.000660295824555
-0.0486287906146
-0.0135629634779
-0.0489587037006
-0.00431755020151
-0.0421877911433
0.00511025176666
-0.0498111477192
-0.00460963537001
-0.0511896565779
-0.00433411617912
-0.0497819784787
0.00485491993753
-0.0517683023642
0.00464269021812
-0.0519332439461
-0.0143858198899
-0.0496484045238
-0.00250698925478
-0.0521872763905
-0.00814439479926
-0.0529747743987
0.00526006216332
-0.0570770333715
-0.00406518034484
-0.0633100923764
-0.00960637141986
-0.0552416884646
-0.00518757365678
-0.0566365208897
-0.00518757365678
-0.0566365208897
0.000380627095932
-0.0530314809521
0.000380627095932
-0.0530314809521
0.00491043219656
-0.0538246854904
0.00491043219656
-0.0538246854904
-0.00354010125241
-0.0666465333948
-0.00468017365198
-0.0648675415789
-0.0325891494418
-0.0622250396173
-0.0372607089413
-0.0656685744892
0.00642235199589
-0.0527084577555
-0.000496641674241
-0.054116417429
-0.00629608921274
-0.0521256427282
-0.00533154527481
-0.0426490093307
-0.00951274436457
-0.053748540682
-0.00716043192655
-0.0483642512285
-0.00201628899522
-0.0512030456847
-0.00148304711984
-0.0736157358123
-0.0158733944121
-0.0566064421248
-0.0158733944121
-0.0566064421248
0.00437931294613
-0.0638977302923
0.00437931294613
-0.0638977302923
0.00437931294613
-0.0638977302923
-0.00451432298919
-0.0591245576895
-0.00451432298919
-0.0591245576895
-0.00451432298919
-0.0591245576895
-0.00475620821605
-0.0594051067994
0.00490932267841
-0.057096431942
0.0032176621259
-0.0667922422479
-0.00804322804773
-0.0575434555909
0.00492683224898
-0.0674630479654
0.00392960349658
-0.069099855573
0.00493196720659
-0.0689222571056
-0.00550084986597
-0.0699266079968
0.00481226369543
-0.0679743883046
0.00397388951085
-0.066510588965
-0.0045136602893
-0.0637366991612
0.00468395131943
-0.0647883948465
0.00400208800774
-0.0630047583739
-0.00556796911665
-0.0599108648347
0.00459671750631
-0.0574144034638
-0.00608691994
-0.0562302366765
-0.00520106924793
-0.0509293496388
0.00494858607295
-0.0612230254436
0.00399714778749
-0.0627558732893
-0.00553715126034
-0.0667258406505
-0.000963676999306
-0.0593084471128
-0.010210479913
-0.057635078172
-0.00722682972031
-0.0702497592548
-0.00822717858654
-0.0656016395475
-0.00366924184028
-0.06787857754
0.000622403734005
-0.0667088240555
-0.00432360951409
-0.0660593455489
-0.00856520368933
-0.056660470841
-0.00964913877001
-0.0599995629928
0.00587273833064
-0.0663594348166
-0.0052008926086
-0.0685924714036
-0.0153340293351
-0.0519452156334
-1.30394564887e-05
-0.0695121879667
0.000285669304594
-0.0703057916055
-0.00598893535926
-0.0592151910481
-0.00203553242654
-0.0758672851906
-0.00279167359436
-0.0716884732649
-0.00600414123969
-0.0701733862167
-0.00378003618855
-0.0687748429006
0.0049856500301
-0.0672538593241
-0.000704455665512
-0.0692959430469
-0.00340693974206
-0.0579867441762
-0.0082353981231
-0.0656594479543
-0.0064564887122
-0.0662732701009
-0.0174532530089
-0.0652440574357
-0.0146874234875
-0.0605416610615
-6.95265974375e-05
-0.0705948708374
-0.00132129471078
-0.0588314554929
-0.00159746881628
-0.0688862902867
-0.00713393716431
-0.0682745676376
-0.00434196791055
-0.0726889454095
0.00394565846754
-0.0758815290952
0.00189820271788
-0.0665367761909
0.00438832720026
-0.0725284210986
-0.000886374202225
-0.0659918662594
-0.00683865550199
-0.0556607688963
-0.00224952103304
-0.0658188864724
-0.018911184925
-0.0752791502735
0.00448610457569
-0.0818190208302
-0.00157620350344
-0.0695816537889
0.000268726280533
-0.0785609435421
-0.00952641808097
-0.071231256863
-0.0139591660659
-0.0734122584771
-0.00618609304784
-0.076290016716
-0.010898579231
-0.076558958824
-0.00406461336184
-0.0792280074934
-0.0149145726641
-0.0682466981819
-0.00494559366662
-0.0655995948747
-0.0164714384256
-0.0714577765987
-0.007005857326
-0.0766942609466
-0.00727003371859
-0.0705116210911
0.00530057291191
-0.0768347177405
0.00454399022645
-0.0781012389169
0.00389051010769
-0.079465103595
-0.00560633276081
-0.0792922429968
-0.00474418983446
-0.0795229688749
-0.00521959822891
-0.0793823195019
-0.00140033776089
-0.0781278797822
-0.00108443670666
-0.0613263134879
-0.0337117005802
-0.0751755287958
-0.0107946441595
-0.0824176243658
-0.00160224152466
-0.0775051725592
0.00527915367418
-0.0805246787775
-0.00503138205283
-0.0790449266775
0.00446912719199
-0.0803593210264
0.0033546627747
-0.0789063590727
0.00336482582077
-0.0775545585103
-0.000976364954322
-0.0797216672513
0.00447554585494
-0.0809171643462
-0.0109075414953
-0.0683999474829
-0.00631085859411
-0.0591268113736
0.00449327992123
-0.0805550124683
0.00402438177348
-0.0838158758298
-0.00405119914603
-0.0864070566461
0.00478206160946
-0.0850782904277
-0.00404707780359
-0.0771430928649
0.004919620254
-0.0880715570821
-0.00620470390925
-0.0867595132705
0.00387111758291
-0.0835913919311
-0.00527569901214
-0.0798954397648
0.00381206753749
-0.0789925412556
0.000993468395564
-0.0689068052265
-0.00416414756089
-0.0778626515437
-0.00151287557267
-0.0783472033672
-0.00474571922813
-0.073965224267
1.1118728499e-05
-0.0899531921227
0.0044550599736
-0.0887239719904
0.00406980099313
-0.0916689199999
-0.00463525200546
-0.0887339738339
0.00480187274136
-0.0909584587219
-0.00351199094201
-0.0903533483914
-0.00140124905894
-0.0770704583965
-0.00650929399064
-0.0796974592007
-0.000885060248815
-0.0817997012635
-0.00593721211586
-0.0811208846453
-0.0032161480684
-0.0803888082472
0.005045374613
-0.0928557349725
-0.00431121529135
-0.0915819050729
0.0040759609505
-0.0928655809672
-0.00449355717981
-0.10054060129
-0.0159337581523
-0.086132957745
-0.00251345171412
-0.0655327152988
-0.0116060561153
-0.0823422029435
-0.00366654165237
-0.0806813853827
-0.00444189800568
-0.0928899237931
-0.00457317270539
-0.0921753314934
-0.00464018327154
-0.0972018496093
-0.00847561536181
-0.0997270180816
0.00392830912902
-0.0832964982041
0.000217267595411
-0.0882430261024
-0.000712012192418
-0.0977723970073
-0.000712012192418
-0.0977723970073
-0.00532593041853
-0.0976211332297
0.0048859321113
-0.0967409933254
-0.00554044996228
-0.0951519658125
-0.00945227944212
-0.0850637235654
0.0013506529559
-0.0926323801614
-0.00489759080143
-0.0796815915489
-0.000162680669189
-0.0677986103788
0.000451799824582
-0.0870879393985
-1.85546006164e-05
-0.0884937064419
-6.05572151264e-05
-0.089729370804
0.000145652236994
-0.0959211364821
8.94593782586e-05
-0.0936054939965
-0.000755052155819
-0.104918600734
0.00377845378831
-0.101037244616
-0.00179244079664
-0.0881851912106
0.00469572276265
-0.102318853535
-0.000574444271982
-0.0844449817803
-0.00389220376902
-0.101591817743
0.00410986429629
-0.107390933008
0.000331234082827
-0.0882552979693
-0.00169002709706
-0.0920609963694
-0.00965573225415
-0.108929395965
0.00716928690923
-0.0917309890893
0.00427313170571
-0.104509897478
-0.00439485871003
-0.0977833068057
0.0041310670399
-0.101765654138
-0.00455778572862
-0.0987401294712
-0.00895396985631
-0.112101907471
-0.0112923795442
-0.11617644189
2.06971922933e-05
-0.108335844711
-0.010374296574
-0.097360685916
-2.79088719119e-05
-0.0877404720204
-0.00437545009055
-0.101831754655
-0.00252973318456
-0.0840626843661
0.000758852456525
-0.0965726705828
0.00504310530327
-0.110456920005
-0.00070130790707
-0.112526850973
-0.00348774805573
-0.107350115325
0.00409413866048
-0.116364622307
-0.00299431775136
-0.103381402216
-0.00544302204536
-0.111609766533
-0.00876776893128
-0.103412341121
-0.000480632352694
-0.108507538436
-0.00470175273038
-0.106033717037
-0.00536779598096
-0.116055864939
0.00393221166379
-0.117757410518
0.00371869733433
-0.117083368214
0.00384397613296
-0.11722441057
-0.00527669581924
-0.115275428628
-0.00528502793345
-0.115609896277
-0.00405624078627
-0.108693036168
0.00455117312875
-0.114439219516
-0.0046581904741
-0.119329842276
-0.00656123157011
-0.110112617382
-0.0081037650129
-0.111817896229
-0.00920432611111
-0.108189731231
-0.00353901565435
-0.131639666637
0.00403314382128
-0.140031238247
-0.00573764510358
-0.121960746421
-0.000554229790091
-0.138403176404
-0.00694903223212
-0.111118248925
0.00528824853116
-0.116994793364
0.00435781817761
-0.118453204687
-0.00431941116664
-0.119177787679
-0.00351367691647
-0.113759246046
0.00418815665505
-0.126330843851
3.05872288319e-05
-0.105466246692
0.00019052279075
-0.120724704342
0.00336975762689
-0.119392013176
-0.00150738475654
-0.113598989469
-0.00959413425761
-0.135155370415
-0.00584810759166
-0.144139704506
-0.00265536564036
-0.131064356644
0.000114447201441
-0.142907602534
-0.00442779247682
-0.133360470171
-0.0120062103214
-0.120658883674
-0.0100582709554
-0.117621169759
0.000820633490396
-0.108348170147
-0.000325312714195
-0.147787305385
0.00369227208859
-0.152809126632
-0.00367653375066
-0.143094917993
-0.00755675175846
-0.149952909469
0.00433932712121
-0.151230748367
0.00489536946698
-0.158613345279
0.00482242202984
-0.150977541074
0.000319167439585
-0.149516257435
-0.0139795155534
-0.136881851465
0.00330773209677
-0.118706206547
0.0059485625136
-0.136605368935
-0.00100402444354
-0.14533705598
-0.00413538632301
-0.146775035157
-0.00361913451261
-0.147449066155
0.0050916961035
-0.146033122595
0.00036387391947
-0.138179688782
0.00396361873737
-0.154002619949
-0.0071251409644
-0.162623042113
-0.00664671762347
-0.154270334574
-0.00100504783807
-0.138567077626
-0.00535658620366
-0.156540575417
-0.00452119559625
-0.15775169258
0.000310780539918
-0.144771830704
0.00427466530914
-0.164529010344
0.00400848449379
-0.165270131033
-0.00035111714558
-0.153154625224
0.0039684514025
-0.169810847173
-0.00602013455896
-0.155347527412
0.00565015926076
-0.16141951605
0.00433637181815
-0.167024282103
0.0032407693441
-0.174186267564
-0.00543839550256
-0.17452065098
-0.000798131589944
-0.179861689792
-0.00127766279461
-0.166439189961
-0.00644594648269
-0.17702791319
-0.00375385868765
-0.184630544821
-0.00787976521011
-0.14695197493
-0.00297195853087
-0.17224044393
0.00420211979693
-0.17760658265
-0.00455841579301
-0.168914600784
-0.00812393313389
-0.184484723781
-0.00445287442406
-0.178792928371
-0.00849770599882
-0.164384172218
-0.00216075775392
-0.169862539126
0.000742180061254
-0.168836020353
-0.00433028053746
-0.186039130135
-0.000105537991987
-0.177805441831
-0.00710216499947
-0.190520809189
-0.0127089427404
-0.176100834382
-0.00134337782116
-0.153547094505
-0.000526881630334
-0.162433903491
-0.00852351533504
-0.174077671237
-0.00303341565811
-0.170125753154
0.00322950791854
-0.21551623545
-9.39643815888e-05
-0.214422068538
-0.00754282596667
-0.215278299971
-0.000951077595789
-0.17669382656
-0.00796264588453
-0.175767847104
-0.0046887439742
-0.197195646733
0.00106246707429
-0.195569022955
-0.00328280931699
-0.211732583159
0.0044514207416
-0.181543817158
-0.000505407559224
-0.179935672543
0.000446704584446
-0.18698706127
-3.52061263817e-05
-0.165619509293
-0.000173114827121
-0.182562215275
0.000480736010855
-0.228848046336
-0.00946807157938
-0.223858059635
-0.00755724845815
-0.217974356211
-0.00119053362456
-0.189363698876
-0.00580649765868
-0.224566031969
-0.00879179518653
-0.201019123483
-0.00139721902084
-0.194732046941
0.00509367539113
-0.208796629638
0.00469361870394
-0.215966716123
-0.00442691517414
-0.223460151994
0.00391291670024
-0.234559460945
-0.00176749518096
-0.237702721146
-0.000837125381357
-0.235765748931
0.00265277495165
-0.224453852775
-0.00852910575014
-0.20391724168
-0.00854339514344
-0.203483898031
-0.00038960238113
-0.211105126639
-0.0013691900215
-0.218704144538
-0.00356902621193
-0.221737978296
-0.00527322219293
-0.2283756231
-0.00453601329718
-0.229547744277
-0.00184101884313
-0.214067692147
1.90390568443e-05
-0.226472898683
-0.00954728333024
-0.208827236482
0.00395411684209
-0.241414219532
0.00393394140512
-0.244840964524
0.00294835839923
-0.240836467875
-4.86921934313e-05
-0.242487772597
-0.0141938695485
-0.206088151299
-0.000285952012002
-0.237474928232
-0.0007298356114
-0.244954865547
0.00473487606358
-0.246033284134
0.000150054513278
-0.243534130129
-0.00408208992777
-0.244002601498
-0.00398459618701
-0.225899039934
-0.011033787527
-0.221282096615
-0.000449675039312
-0.214648707048
0.00604372984996
-0.229553631788
-0.00369158002763
-0.236544147644
0.00280866368572
-0.216245527219
-0.00804592554312
-0.250432689745
-0.0014829191713
-0.261377788333
0.00417146135001
-0.257105354643
-0.00845831663777
-0.24005433308
-0.00192705976937
-0.230110120229
-0.0120034677972
-0.217187856696
0.00394462778579
-0.228023027625
-0.00466593805806
-0.243366967859
0.00221494258184
-0.222723781332
-0.00279128858857
-0.219100798278
-0.00555878923277
-0.265669893835
-0.000107153981029
-0.274038355977
-0.00370793256584
-0.253896108008
0.00141751876262
-0.236201878115
0.00179537747502
-0.239030746751
0.00413788847029
-0.278200485607
-0.0144457713923
-0.209216895887
-0.0029439343763
-0.269102680189
-0.000683001748042
-0.275632538261
-0.00504601281027
-0.270441142651
0.0018388762608
-0.228091888252
0.00269161883211
-0.262590413209
-0.00249939445196
-0.25840849517
-0.0010641095713
-0.244329015555
0.00471671684823
-0.270223846473
0.00143848410616
-0.250971558329
-0.00828181167789
-0.237238500549
-0.00981640290474
-0.227945393719
0.00441733326712
-0.252355237775
-0.00835758425682
-0.258735885192
0.000451438814017
-0.236408801883
-0.0101723501823
-0.255377385963
-0.001244020921
-0.263322168566
-0.00548775306769
-0.27543088483
-0.00164034034103
-0.260178955404
-0.000370339480449
-0.268545242458
-0.00366144744562
-0.269352726909
-0.00175058212838
-0.25538895949
0.00410700787491
-0.250684331466
0.00519006645019
-0.271495121499
-0.0014281411044
-0.221440894917
-0.00276090291299
-0.190143794454
-0.0188641917272
-0.222281272116
0.00498008242912
-0.295784813363
-0.00147564066983
-0.192311467598
0.000673915313516
-0.25564330127
0.00362379940924
-0.297694850873
0.00104476624583
-0.242596071777
-0.000837376672018
-0.278223808135
-0.000379532885122
-0.266735725998
-0.00175556903847
-0.277930268095
-9.52955088272e-05
-0.296922290792
-0.00766919289768
-0.279686657185
-0.00174583591236
-0.288395580419
0.00325980179627
-0.274981304132
0.00131329561446
-0.26224295885
-0.00135665328124
-0.257046807837
0.00140980561682
-0.24993178915
0.000730513231254
-0.230575160952
0.00175117906665
-0.271039802093
-0.00201265776811
-0.243049585635
0.00103889328235
-0.269624314208
-0.00311677404745
-0.338953513833
-0.00811160197637
-0.312824111973
0.000391026603129
-0.331603445718
0.00301925429229
-0.294333273127
-0.017312796777
-0.321822258295
-0.0083970394715
-0.297957571768
-0.00774299677098
-0.290893648837
0.000832162665035
-0.280434196726
-0.000487464701453
-0.279404550921
0.00216438301823
-0.308082433477
0.00415612288689
-0.320441060205
-0.00625718299316
-0.288819664785
0.00556661697604
-0.297337718569
-0.0109286953641
-0.293924366726
0.0013946541239
-0.264881286496
-0.00286087074399
-0.301230793315
-0.00774142399322
-0.303777424135
-0.00731741955161
-0.301157858835
0.00321681654713
-0.321528029015
0.00172585392562
-0.303720834978
-0.00199093438017
-0.252249968168
0.00308625134343
-0.284153953896
-0.000623830221867
-0.250224584341
-0.00373513128574
-0.30629504522
0.00235317049581
-0.333840627818
0.00138835084692
-0.31132414113
0.0020847089847
-0.331937019323
-0.00257252700169
-0.263453325948
0.000304450050357
-0.321257291696
-0.000967843272301
-0.334397848378
-0.0114269043985
-0.320211504247
0.00333661447595
-0.329841318215
0.00141379235423
-0.292721050168
-0.00308338931168
-0.233526272446
-0.00818310165657
-0.262409348186
-0.000538832294513
-0.30171036635
-0.00634099920303
-0.309185699201
-0.00189114031322
-0.32328317364
-0.00326085499234
-0.298311504263
0.00116094871433
-0.337393936692
-0.00240624425661
-0.347528229815
-0.00447666165247
-0.331988243241
-0.00133623259144
-0.271638934768
-0.0012793558337
-0.263181378606
-0.00217624961129
-0.302635336143
0.00101359185895
-0.251530015591
0.000567062881759
-0.240423294008
-0.00109516015826
-0.27812605179
-0.000805678945934
-0.277728654921
-0.000170044164414
-0.357641169519
-0.0097297643956
-0.275488302607
-0.00020408075442
-0.346414163371
0.00311098002334
-0.344585652464
0.00025506540236
-0.319401288913
-0.00117119804787
-0.346008404961
-0.000757764838048
-0.40993557068
-0.00142150496442
-0.356906531161
0.00205385469145
-0.377153902601
0.00132886933255
-0.337256519823
0.0012271091281
-0.319253139633
-0.00148863016851
-0.313769729796
-0.00047891692967
-0.371482219397
-0.00228718334583
-0.276901076425
-0.00201950682745
-0.348699500649
-0.00112403002761
-0.3176415907
-0.00857352995778
-0.372785981167
0.000543974884642
-0.336163030355
-0.00260371326507
-0.336402906053
-0.000577143557484
-0.387644081161
-0.000880953791709
-0.395353385967
0.00170012674248
-0.364530479431
-0.00315488840048
-0.353284166538
-0.00174001860884
-0.272451337412
0.00125924759785
-0.29784063489
-0.00155193148548
-0.318495763808
-0.00693887506704
-0.313086799834
-0.000516805284484
-0.350827748383
-0.000383252581325
-0.357386041709
-0.000903427814493
-0.360756184686
0.000907203576032
-0.347106589393
0.00112354267461
-0.322909428305
0.00162971228357
-0.343545036433
-0.00217544821019
-0.284495271386
-0.00194006035207
-0.327591071864
-0.00909230024797
-0.29619689383
0.00115214418807
-0.330315121921
-0.000152439280684
-0.359345689809
0.000426223512679
-0.365091540029
-0.00683167761976
-0.362226733383
0.00210473597237
-0.376131972683
0.000705919747343
-0.335640585231
-0.00181987315222
-0.313222870845
-0.00114395950214
-0.303077845104
-0.00118962684181
-0.411421869158
0.000563443439763
-0.400806613566
0.00151424717506
-0.370045969799
-0.00156433643008
-0.302113446027
0.000448948141415
-0.33538406636
0.000627651261255
-0.306993383257
0.000676136129918
-0.324107858063
0.000134898816291
-0.334356382303
-0.000936733952481
-0.348306718402
0.00284260401068
-0.414043772888
0.00137288863198
-0.417329711654
0.00142858197446
-0.372339492764
0.00141412544313
-0.387004191439
0.00337105614886
-0.422332309985
-0.00134226962216
-0.395292331666
0.00386086784206
-0.430546639512
-0.00150443541379
-0.341212289159
-0.0014681275371
-0.331529711703
0.00353598326702
-0.416109653621
-0.000499337755474
-0.398486761965
-9.3810050899e-05
-0.353353201092
-0.000818320245368
-0.377179766822
-0.00262421675932
-0.310421996933
-0.00159734810711
-0.398883719821
0.00237039671832
-0.401823484856
-0.00110430863123
-0.433239733463
0.00341172358949
-0.420435706498
0.00123850275117
-0.404154476686
-0.0034784456838
-0.386003404932
-0.0125560554185
-0.381913699605
-0.00502311599941
-0.384687297921
-0.0015652822303
-0.412122565875
-0.000240004327258
-0.415024859601
-0.000754717587148
-0.391795918577
0.00372802645595
-0.414373735028
0.00116446092738
-0.35923654668
0.00160259812735
-0.362474117353
0.00258485640656
-0.353511616441
0.000768811962832
-0.365863251771
0.00288086224245
-0.38812426627
0.0028400513353
-0.41084701485
0.00364688952762
-0.411180074361
-0.00177764047792
-0.325050359017
0.00132098016165
-0.391698901043
-0.000589851427385
-0.336293113355
0.00221901781646
-0.402226763555
0.000338666315209
-0.415541237678
-0.00160036421052
-0.399914967242
-0.00075155461185
-0.367769913517
0.00129995949487
-0.418336744236
0.00129969715468
-0.416283118607
-0.00160334592166
-0.384971112667
0.00227697517419
-0.382472023906
-0.00151263180186
-0.319979453009
-0.00319692521269
-0.3712790337
0.00327496517524
-0.434353496299
-0.0045344547778
-0.424705940984
0.00249096818859
-0.458700571954
-0.00138861393106
-0.420631252137
0.00143181727794
-0.398504846505
-0.00536423978041
-0.440228856829
-0.00851347193332
-0.456662923787
-0.00059665342868
-0.424791408811
-0.000356121853359
-0.386405498105
0.00325447170372
-0.436335540622
-0.00106355592111
-0.36614845126
-0.0012759928769
-0.349445948585
-0.00154838840461
-0.38377278421
0.00280022322191
-0.439490929444
0.00121904093472
-0.38506323696
-0.0152851855701
-0.381547349564
-0.000755320640883
-0.446162005522
-0.000862076092284
-0.372647248599
-0.00242955141071
-0.442997985266
0.000886906390424
-0.382368517976
-0.000203857518975
-0.414074434461
-0.00845283325026
-0.394270333217
0.00477674051999
-0.416651953355
0.00109312564236
-0.376204794124
0.000304052899931
-0.420447410818
-0.00741967956989
-0.419935070439
0.00265179084617
-0.428151819435
0.00279323125848
-0.435449068579
-0.00143783670464
-0.418556460593
0.00183811188336
-0.426047646209
-0.010098471834
-0.438114128527
-0.000629891545486
-0.445804479389
0.00319687480357
-0.440297201833
-0.00123185637956
-0.427981383482
-0.00939704310993
-0.421152861256
-0.00224861002793
-0.443176532506
0.00377794294684
-0.434658688953
-0.00827023669995
-0.425636379475
-0.00870338343862
-0.40969578167
-0.00218314312001
-0.418600163437
-0.00192977760247
-0.437172836787
0.00192968039046
-0.401540076101
-0.0023497150441
-0.40066975658
-0.000192100829245
-0.426207328811
0.000217144763386
-0.43318868757
0.00262664907502
-0.44349179224
-0.00792314183693
-0.443658013182
-0.00175899412454
-0.458689055898
-0.000721441133942
-0.456134624992
-0.00620932131995
-0.446463725184
0.00270636870545
-0.44729033663
-0.002273088079
-0.433122900753
0.000148530716648
-0.432040673958
-0.00544923931835
-0.410200125612
-0.00637562239423
-0.389171795835
-4.39815346034e-05
-0.403637103953
-0.000402083353014
-0.423483358975
-0.000270887664366
-0.394537900589
0.00142153070684
-0.395355240658
-0.00883826906383
-0.422236069231
0.000516107115999
-0.417312855976
0.00146327293491
-0.446948238771
-0.00845975261449
-0.415363944142
-0.00225282103465
-0.451748696874
0.000461853503623
-0.451491760914
-0.00619991984051
-0.445444226829
5.44966393704e-05
-0.442516590279
-0.00964746670082
-0.440742781652
0.00206817122116
-0.406913947753
-0.00317366228953
-0.40880577982
-0.00209906852852
-0.422751889808
-0.00886379522728
-0.419304582528
-0.000402525737451
-0.424683948767
-0.000444691129708
-0.447574034257
-0.00617039901306
-0.434679388809
-0.00919812301873
-0.440279156401
0.00459948992831
-0.451766765331
-0.00237333270308
-0.456486866307
0.000692500744322
-0.443134968493
-0.00622755998278
-0.435181625679
0.00502983178399
-0.431500892723
2.33300035107e-05
-0.426281566872
0.00315550258693
-0.428526881949
-0.000753471393536
-0.413401385946
0.00253774533523
-0.411773992739
0.0032510844121
-0.424537050778
0.00326962401891
-0.428409529846
0.00188139720193
-0.410635257032
0.00146618931463
-0.446430863468
-0.00140279775627
-0.444447445008
-0.00495648559494
-0.451481316721
0.00146915084929
-0.445286861468
0.00205389511342
-0.451668473905
-0.0017545508281
-0.463139122345
-0.00214832119727
-0.423787350616
-0.000634148207582
-0.391262263718
-0.000527908447341
-0.401990300506
-0.00149964734982
-0.39687786264
0.00230420214731
-0.433951369716
-0.00246786617616
-0.433336906691
-0.000395145618894
-0.423461711716
0.00124974152582
-0.448737988277
0.00273732257659
-0.452084604746
-0.00338025556199
-0.419959451958
-0.00100262852864
-0.41740192682
0.00369743932702
-0.427940196562
-0.00810236710217
-0.425066210271
0.000778035874895
-0.424630926278
-0.00708960721628
-0.432281385798
-0.000298567604616
-0.44319130126
0.000643001561337
-0.430956728453
0.000101953506044
-0.428967783768
-0.00137722663141
-0.431724801706
-0.000765952926268
-0.43810425238
-0.00306968943516
-0.417090681175
-0.00157239825186
-0.419118138175
0.00235201389726
-0.431725757426
0.00362547158264
-0.434994124014
-0.00162030745204
-0.42851757993
0.000335399146287
-0.449581183595
0.00251284821884
-0.453647646849
-0.00136936737661
-0.441127635365
-0.000609581615712
-0.437106478994
0.00304102061077
-0.433078206788
-0.00121272503498
-0.432485804711
-0.00237948901611
-0.39235533201
0.00265659911766
-0.423416982422
0.00092742047726
-0.434443085232
5.64417107549e-05
-0.420090083709
-0.000696917889801
-0.43653804828
-0.0106767022938
-0.422629517046
-0.000972620805414
-0.408005588573
-0.000721387723738
-0.420894063794
-0.000876217022492
-0.411512897603
0.0038183575395
-0.411687610477
-0.00833283079552
-0.373713901634
-0.00886660442792
-0.372978819148
0.000404722980395
-0.389158757331
7.15920920678e-05
-0.365305225806
-0.000803078303415
-0.405943303025
0.00135550329843
-0.456452863828
1.33047484918e-05
-0.448252841383
-0.00267181437997
-0.463107559411
-0.00399435100891
-0.45620165425
0.00292146028223
-0.433680771555
-0.00108172789478
-0.448413772823
0.00301005412361
-0.442660038622
-0.0080463911737
-0.406362331479
0.00213891954936
-0.422185680964
-0.000670201768789
-0.433260780563
-0.00137083859639
-0.409793196509
-0.00312259033423
-0.431762479586
0.000677399824166
-0.41756202058
-0.00719245333033
-0.426295153759
-0.0078130330618
-0.417878553095
-0.000351296113178
-0.429985289944
-0.000339505166323
-0.424413279152
0.00325153042924
-0.440438117997
0.00352133700679
-0.455007779458
0.00333694442614
-0.45279340882
-0.000278250854089
-0.415108973946
-0.00727448362176
-0.414481762848
-0.00632313458666
-0.435286501294
-0.00411440351054
-0.408954920483
-0.0130704195157
-0.417933778993
0.00419336024045
-0.442086889493
-0.00752972860171
-0.417793990508
0.00215975678581
-0.427520739457
-0.000505906813407
-0.404003035196
-0.000580963316149
-0.398404323483
0.00486645177733
-0.421294636077
-0.00096648282198
-0.410226562131
0.000527010950845
-0.437611039789
-0.00323980653588
-0.422880819427
-0.000193017800264
-0.442751874054
5.60409654685e-05
-0.428254336755
-0.00412155660843
-0.420166351684
-0.00708989750558
-0.401981653884
0.000372599301087
-0.407209778869
-0.000724489644491
-0.40320006682
0.00109341402072
-0.417301808876
0.000214747382798
-0.417931916478
-0.00763437151606
-0.403439082865
-0.00940008504122
-0.410761425514
-0.0018643080432
-0.378597558312
-0.00240662150053
-0.414635763992
-0.00223818125159
-0.417568516824
-0.00073217335399
-0.405802225646
0.00450224970976
-0.425684466492
-0.00026735648882
-0.415478248119
-0.00221379682776
-0.428883641824
-0.000251664078962
-0.426343456765
-0.013926963856
-0.408901035332
0.000461472718276
-0.426685402718
-0.00232613907507
-0.409357459654
-0.00778814661369
-0.425515285831
-0.00338807271694
-0.392077175778
-0.0084141550303
-0.39495157051
-0.0068139838018
-0.393362869835
-0.00113559614775
-0.404103312148
-0.000509359586154
-0.418378607456
6.97279169667e-05
-0.404830884051
-0.00204173095201
-0.413409892345
-0.000753924919515
-0.387289295291
-0.00148053409499
-0.401446338055
0.00319897652716
-0.430103412133
-0.000167384468153
-0.431363571454
0.000662602227271
-0.431674201791
0.00328127900307
-0.437553705665
-0.0019119984267
-0.429731005197
-0.00373932418569
-0.412194577273
-0.00127451683152
-0.419795148029
-0.0126426813249
-0.395927607523
-0.00114057565375
-0.410414329281
-0.0118425134341
-0.406145991823
0.00337444663562
-0.404908452675
0.00318303703411
-0.417548094851
-0.00888663290306
-0.413986033751
-0.0019804276376
-0.407474850116
0.000686636501436
-0.359340234546
-0.011890422917
-0.426222191165
-0.0045753300202
-0.422534328904
-0.00744272885954
-0.421262057635
-0.00842501822511
-0.39134761592
0.00342482361973
-0.427835177402
0.00188794544003
-0.430296966544
0.000889513805423
-0.415848107526
-0.0114443471956
-0.385854684125
0.00295792502939
-0.40560043289
-0.00942723368035
-0.382773160214
-0.00134807684989
-0.387811411019
0.00104482041423
-0.384718010567
-0.0017177505109
-0.361181503712
-0.00041173943982
-0.399767463568
-0.00960335489866
-0.393301624788
0.00439923793213
-0.421985764616
0.00319243121571
-0.423574740783
-0.0141111297154
-0.395385096462
-0.000390477859655
-0.404309374499
-0.0120659373984
-0.395065506207
-0.0101090778869
-0.350032735401
-0.00110287195903
-0.392513177231
-0.00208386476143
-0.406547728202
-0.00898066370716
-0.40007411503
-0.000567505927793
-0.417324931021
-0.00701332874394
-0.391491276906
0.00252156131638
-0.406637523209
-0.00772279257448
-0.396360675394
-1.44169956984e-05
-0.404883733724
-0.00188170172805
-0.393395755694
-0.0102205209862
-0.383224679541
-0.00497960622829
-0.379954368593
-0.00692301056415
-0.38860103439
-0.00680416090877
-0.36774853902
-0.0090755757651
-0.389228170346
-0.000916418636468
-0.389301503691
0.00425262866562
-0.384284635656
-0.00012983221476
-0.395016836896
-0.00194485941174
-0.396644136667
-0.000359773713719
-0.393911658621
-0.0029755642388
-0.380947672078
0.00119487647217
-0.376640826866
-0.00286980849757
-0.348889051274
-0.00187754665665
-0.37816387867
-0.00164954465031
-0.373228650413
-0.0135255138664
-0.375005417423
0.0045159694689
-0.423538517028
-0.00178705429623
-0.356732737307
-0.00952139858606
-0.345998922948
-0.00257564666759
-0.400770179718
0.00480967938126
-0.409802494567
0.00312395848376
-0.402133180576
0.00261984648815
-0.406783263894
-0.00131942764205
-0.375391152954
0.000470299287606
-0.395848003056
-0.0031767113507
-0.394428200627
-0.000443490380927
-0.383777315378
-0.000499265560166
-0.385876850059
-0.00681375711672
-0.389219062954
-0.000733274485377
-0.383615958126
-0.00151857444476
-0.377209958071
-0.00673696835813
-0.376631475956
0.00195657008343
-0.353933033746
-0.00420643014493
-0.383984332821
-1.28326805808e-05
-0.338947977373
0.00492916111551
-0.392793941156
0.00306569386622
-0.374308917012
-0.00798685664625
-0.376621505667
0.00126647712605
-0.372331091676
-0.00629529372606
-0.355370859452
0.000899491320586
-0.38458304758
-0.00293532198848
-0.375495062767
0.000256670854085
-0.348414467622
-0.0016411721438
-0.345392051137
-0.00138315854945
-0.366804407075
-0.00138897793913
-0.373118210913
0.00135422702854
-0.353273130654
-0.00493895545102
-0.370695199376
0.00213235322553
-0.358929087255
-0.00215128957113
-0.36470382091
-0.00179526327055
-0.361596514312
0.0017502917723
-0.289978927389
0.000542701392625
-0.365807136832
0.00210991958073
-0.3297493287
0.0019928425331
-0.338815314097
-0.000602075649183
-0.319111828587
-0.00722916935146
-0.333006799586
-0.000551395383394
-0.32182737694
-0.00298785455998
-0.370648569033
0.00349379096174
-0.351945026286
0.00179317313459
-0.361366612626
-0.0023530416291
-0.352584779976
-0.00957170975096
-0.368553610394
-0.00714207148
-0.343821510325
-0.000699119290493
-0.361224549452
-0.001016979992
-0.354561374573
-0.00309671305981
-0.372396067766
-0.000429181517763
-0.382656106464
-0.00915355649595
-0.349869792783
0.000914145696648
-0.368195311167
-0.000740215535383
-0.365789769263
-0.013784935569
-0.302487869015
0.00510935997368
-0.364537174757
7.78113338399e-05
-0.32243764218
-0.00875412679138
-0.355689654445
0.00267755995567
-0.350404618385
7.38861916041e-05
-0.356380952683
0.00277139671632
-0.356418099885
-0.00655774162553
-0.357902740902
0.000712509879312
-0.339189465383
0.00329224720842
-0.341751742574
-0.00827619275701
-0.320911174801
-0.000683871985861
-0.357071586613
-0.000521484126577
-0.344815424465
-0.00713673633308
-0.344690273015
-0.00655415636083
-0.337900820395
-0.0076018280631
-0.329354513377
-0.0130808162008
-0.344926394184
0.00369617125148
-0.323174151008
0.0004386061092
-0.343831261723
-3.01323522645e-07
-0.337845222511
0.00256487210253
-0.351942910827
-0.0154405009057
-0.318377079682
0.00121983373755
-0.327176658861
-0.00147633693308
-0.296204842525
0.000301886961424
-0.350416490251
-0.000766390515365
-0.323547366116
-0.00177059349009
-0.331104482535
-0.00717128434108
-0.328174641447
-0.00166937696061
-0.330024500208
-0.000526307405018
-0.326073944777
-0.00688007578098
-0.305307826967
-0.00162314124025
-0.314061853474
-0.00927263826872
-0.321042752421
-0.00010479167229
-0.306597868733
0.000290237873216
-0.31294826048
0.0025765657064
-0.342811216675
0.00205685843752
-0.34176160868
-0.006317343689
-0.30109642235
-0.00134041927896
-0.331619591845
-0.00934228154193
-0.324627841687
-0.0147901832364
-0.324284286237
-0.00107859046692
-0.290807697161
-0.00107859046692
-0.290807697161
0.00147561470761
-0.298871419538
-0.000882065539531
-0.235414824836
-0.00141611951574
-0.284538011337
0.00192122735342
-0.306157744969
-0.00165368638265
-0.26060336816
-0.00196710795973
-0.286146079465
0.00206901779234
-0.30009609478
-0.00826570436338
-0.316001272768
-0.0014312266194
-0.317313487796
-0.00134492201037
-0.322957517509
0.00309105791837
-0.327265779033
-0.00847855545661
-0.252911974096
-0.00314230346877
-0.306371511979
-0.000741923111551
-0.30121331971
-0.00970419850719
-0.272474946506
0.000502732670221
-0.306373617369
-0.00143457092803
-0.312547084829
0.00205374724037
-0.296275335468
-0.00337706386857
-0.293810421839
-0.000943179345678
-0.295735325906
0.00598111403769
-0.310155786028
-0.00235471532459
-0.328472762846
-0.00744385948021
-0.294979712774
-0.00110653853562
-0.291566067443
-0.00260894286234
-0.281057635812
-0.00813996351664
-0.279146493977
0.00121355415628
-0.26613397756
-0.00148603916428
-0.247465273519
0.00115921685315
-0.268697724723
0.000861963898951
-0.229625846337
-0.00268988873496
-0.227595065434
-7.09727068632e-05
-0.303179089444
0.00279264898757
-0.303024117425
-0.000754103914498
-0.338899191348
-0.00832993579595
-0.319761738611
-0.00203827378974
-0.317188001446
-0.0126103572798
-0.304174246855
-0.00853972709775
-0.289493515036
-0.00130941604378
-0.265709291225
-0.00617247784925
-0.259063234656
0.000168973654833
-0.257223217572
-0.00362469831549
-0.258370672858
-0.00158827280347
-0.217705512501
-0.00114760343633
-0.276561176293
0.001202184224
-0.235223187574
-0.0015974498882
-0.221470894489
0.00140200483114
-0.246228553486
-0.00150704236648
-0.2356738621
-0.00710467091671
-0.21055992589
-0.00207560821692
-0.241579358024
-0.00229641064022
-0.199673405341
0.00440758617619
-0.289125311025
-0.00866466353246
-0.300817094454
-0.000481292771129
-0.317288480566
-0.000468837860532
-0.286849461043
-0.00167287037488
-0.317454063828
-0.00140471250176
-0.320479683301
-0.00883179287664
-0.304797356442
-0.00278862501566
-0.295779794661
0.000122598909506
-0.249696219472
0.00372935133483
-0.2743129985
3.75112139003e-05
-0.262891351145
0.00482104552178
-0.285106390613
0.0018479482745
-0.24741956579
0.0045906021796
-0.266535766794
-0.000922428530136
-0.239486078903
-0.001297364519
-0.235193856934
-0.00140835472079
-0.236032891484
-0.00788121015833
-0.213620863027
0.00312281246217
-0.260136134288
-0.00136316242212
-0.247919578677
0.00154018131376
-0.247756751822
0.000729893502975
-0.21392757565
0.00369801223235
-0.287698269848
0.000724612586707
-0.211095950131
0.00158339653972
-0.247209490224
-0.000402059827602
-0.218255400434
0.00125055833296
-0.245418229588
-0.0087944016309
-0.272170137408
0.00434620576274
-0.287613244636
-0.000123083319658
-0.269078891537
-0.0012663033794
-0.244733093057
-0.00754908862754
-0.267903504985
-0.00726472426184
-0.257030561369
0.00576215392055
-0.284669619295
-0.00384339305023
-0.268771081482
-0.00558786506086
-0.244939297031
-0.00430527936028
-0.253667606447
-0.00438813335543
-0.252323928933
0.00318506359394
-0.250339431413
-0.0047218920843
-0.237102687979
-0.00821669410779
-0.236998097905
-0.0135118164422
-0.235964684779
-0.00846808095612
-0.23655703318
0.00536035115477
-0.261064044861
0.0031020000927
-0.263906083283
0.0016320798197
-0.222246683533
-0.00567712699899
-0.215138875039
-0.00140669487271
-0.24968643923
-0.00173296257129
-0.249383646333
-0.000316432877253
-0.245454564028
-0.00467218623289
-0.236787489265
-0.000750965280694
-0.268455141905
-0.000682455346554
-0.238005741431
-0.00130263779852
-0.226681306829
-0.00114004150184
-0.219550945108
-0.00487543175605
-0.240381085642
-0.00550247616669
-0.232956290225
0.00413251719152
-0.235207636942
-0.00137424032777
-0.186877145796
-0.00235334617519
-0.190154277942
0.000129059217255
-0.24503368221
0.0025971107921
-0.24350038423
-0.00456770234861
-0.24850724738
0.00334898724208
-0.252469778453
0.000623683269672
-0.247528532305
-0.00408369880877
-0.226469144732
0.00459367584456
-0.230106888111
-0.00429965749727
-0.226333811726
-0.00256780158375
-0.208480521703
0.00558367870776
-0.208970506087
-0.00827112543247
-0.223781308737
-0.0126583981358
-0.215705996636
-0.00132503157061
-0.224111611684
-0.000870228906223
-0.21820971712
0.00182825077132
-0.217285158386
0.00182630358598
-0.204341237042
-0.00259612253134
-0.191427240123
-0.0013306061684
-0.214055120984
-0.00195659491995
-0.159109191264
-0.000947852835196
-0.17665555846
-0.00163103075791
-0.187506798251
0.000461118691249
-0.174943797915
0.000358236464804
-0.184467347111
-0.00179379508288
-0.1626898103
0.00156003653643
-0.210334668818
0.00105901502837
-0.252346753825
0.00267399992126
-0.225924415354
-0.00169536667185
-0.174243183508
-0.00173083578894
-0.19623178228
0.00227952796
-0.204912342431
-0.000437555512865
-0.205828945709
-0.0129178936431
-0.206205629183
-0.00238457495955
-0.230152121635
0.00115784224164
-0.231165588932
0.00260964601201
-0.240810723606
-0.0184415552708
-0.238763612422
-0.00730576745869
-0.200878654132
-0.00345162225493
-0.223425032678
0.003239388074
-0.219875606835
-0.00455940421006
-0.214907775868
0.00321182393716
-0.225127702669
-0.00528659213415
-0.220186302527
-0.00468750992532
-0.213679279365
0.00387757099327
-0.21155256855
-0.0141774908297
-0.190062516036
0.00625612675467
-0.199511728356
-0.0121030881778
-0.183662302958
-0.000260916245506
-0.206829688946
-0.000605018396289
-0.206378597813
0.00291763340565
-0.204143863006
-0.00197049549707
-0.208555248702
-0.00869888897798
-0.214687775009
0.0047324187206
-0.219270406981
-0.000870715261923
-0.194818918956
-0.0157278424582
-0.190450675154
-0.00103178044878
-0.177001017229
-0.000432518027565
-0.122664618201
0.0015448870973
-0.148083794498
0.000998460190375
-0.175295928761
0.00244340088532
-0.186147406757
-0.00186244499291
-0.157692644526
0.0021794839978
-0.169904113675
7.55377401839e-05
-0.139775501264
-0.00139656267334
-0.190967783163
-0.00135964947447
-0.170269354308
-0.00129537336012
-0.170176182041
-0.00142027674863
-0.183819908423
-0.0130869563803
-0.194004878148
-0.0011397076351
-0.187391594301
0.00356523042628
-0.190254069235
-0.00110999370402
-0.194499419789
-0.00753748973239
-0.192717964538
0.00201296828488
-0.193759032905
0.000472834297353
-0.200499313826
-0.00355908509933
-0.17589911453
-0.00372484804342
-0.179341595364
0.00382311276499
-0.189510575612
-0.000831596131892
-0.169697435422
-0.000151033156899
-0.181800245286
6.56073583045e-05
-0.184718407535
3.40938597567e-05
-0.187692228448
0.00535316698076
-0.191111803614
-0.00809010054231
-0.185222592667
-0.00501051852142
-0.193117571401
-0.00059820297479
-0.175302837676
0.000115702371018
-0.184170866347
-0.00118561594998
-0.188642613958
0.000864067006768
-0.187266220943
0.00174105664979
-0.171450364618
-0.00751140722436
-0.177406320851
-0.000462704195991
-0.176374199827
-0.000448145783363
-0.171222430023
-0.00119759761257
-0.171695431024
0.00087736188912
-0.170327763248
0.00113842885866
-0.144287033694
-0.0010726414678
-0.125905519586
0.00100306423926
-0.170441377049
-0.00196307971477
-0.122630589294
0.00144570246538
-0.158504904846
0.00249713403639
-0.159589308272
-0.00116807222458
-0.139678622433
-0.00129155250826
-0.149129605957
-0.000863531365816
-0.146271006341
0.00153638141966
-0.162923290215
-0.0013533562264
-0.150466292141
0.00138476784649
-0.16727394287
-0.00158763474921
-0.180494471336
0.00119447202141
-0.159833565179
-0.00311603600525
-0.191948470704
-0.00121819235321
-0.177660750483
-0.00224953441974
-0.173802601957
0.00496636207592
-0.170230557388
-0.00530788645764
-0.164878684445
0.00350376507921
-0.158533975765
-0.00604490917398
-0.157311461306
-0.00868448021945
-0.150674040714
-0.00106832958902
-0.124666725573
-0.00395413227326
-0.113772061329
0.00502724536303
-0.145837457005
-0.00542450264549
-0.147749884118
0.00364871803413
-0.144328092641
0.000291388585006
-0.141404426479
-0.00165113942819
-0.127086062149
0.000580537285914
-0.116373192333
-0.000382084096891
-0.108100483811
-0.00105408892817
-0.123226556715
-0.00127331669967
-0.115619729953
-0.00206278321619
-0.115099366796
-0.00622360052113
-0.0849057714705
-0.00689043088776
-0.1078615329
-0.0081744969521
-0.120495210252
0.00355228521878
-0.118201369029
-0.00599128461954
-0.115312763496
-0.0076380497124
-0.103772335643
-0.00328800003743
-0.0987908641265
-0.000261665875515
-0.0801609683067
-0.001442471222
-0.0897133972768
-0.00902953226501
-0.0750704268373
-0.00125648294666
-0.0890049744405
-0.00048999954818
-0.09069984384
0.00167605727772
-0.102234369363
0.000955524648662
-0.0698637299514
-0.000482692252115
-0.0951481501158
-0.00138447562628
-0.0887766545829
-0.00822557752318
-0.104214888173
0.00407750348633
-0.103044392826
-0.00159562333918
-0.0812101254267
-0.0045465784487
-0.0838810298013
-0.0046893412008
-0.0706234490939
-0.00711306325283
-0.0711036657608
-0.013258945938
-0.066262835835
-0.00681931631127
-0.0572722361578
-0.000896890896625
-0.0752011975429
-0.00152652128495
-0.0714227904085
-0.00866746897447
-0.069433848354
0.00188074374815
-0.072045918953
0.00520771561327
-0.0725943693119
-0.0117789246696
-0.0622720417219
-0.000692456341444
-0.0555795050534
-8.59560394879e-05
-0.0661046964493
-0.00755240122053
-0.0624530662903
-0.00058836751555
-0.0459875976726
-0.00677270707253
-0.0417648568719
-0.00972907626221
-0.050998561192
-0.0221378151887
-0.0553628368494
-0.00495803740049
-0.0500277843382
-0.00320801004525
-0.0526079882244
-0.00350406874777
-0.0508383231589
-0.00166486452489
-0.042358197645
-0.00169852839023
-0.0455890138533
-0.00765404299922
-0.0379548118006
0.00647746632346
-0.0405603906392
0.00521066755701
-0.0403549118684
-0.00475063310097
-0.0367555384032
-0.00475001491588
-0.0345942801982
-0.00475251097277
-0.031878973466
-0.00476671209346
-0.0277191071047
-0.000460512195159
-0.0228223892698
5.56815473193e-05
-0.0256018245138
-8.46725544061e-05
-0.0214105656375
6.26602631411e-05
-0.0214904653106
0.000101281764028
-0.0171134524504
7.28220060713e-05
-0.0113566961079
-6.11146192784e-05
-0.00923905877823
8.66082105341e-05
-0.010756530066
-6.58493746347e-05
-0.00731557963945
0.000106783976184
-0.00761436502998
0.00010700760435
-0.00573969477542
0.000117688699766
-0.00480811986878
-0.000104367282865
-0.000174339913334
8.8341456971e-05
0.000327254514897
0.000115379617414
0.00228561906899
5.27986852677e-05
0.00305975462893
-7.71233943107e-05
0.00421810996888
6.26593389157e-05
0.00386224569154
-4.6995412679e-05
0.00643682204139
-9.78145402921e-05
0.0098778678654
7.86714114251e-05
0.0110465053641
-4.31579550682e-05
0.0122230678466
-5.91458234656e-05
0.013465762487
4.2426450844e-05
0.0114992282096
-7.01108945236e-05
0.0141166273354
-7.60475194804e-05
0.015460244171
6.6398319799e-05
0.0153391629348
-5.70926266261e-05
0.019326607593
5.0985832017e-05
0.0176038861457
3.86120643072e-05
0.0179366046904
-4.50222608259e-05
0.0202276304683
2.95703852574e-05
0.0178749761792
3.36494730869e-05
0.0186723412579
-0.000108881689864
0.0225535947027
0.000108274201633
0.0239928537508
6.81956810758e-06
0.0310057975007
5.8515749364e-06
0.0269566812972
-3.07505811203e-05
0.0275147618317
-3.8297821708e-05
0.0267526111929
3.54936408277e-05
0.0243957811954
4.53348148446e-05
0.0253222488899
-3.40164160585e-05
0.0287118499686
-3.13166583067e-05
0.0301868056758
-6.98649541453e-05
0.0295989905923
-0.00790423272143
0.0349405517989
0.000942255332518
0.0403306239109
0.0053701879038
0.0383020946841
0.00547478057325
0.0460035326899
0.000403256295906
0.0438220851754
1.09964052272e-05
0.0330985654921
-0.00945852675527
0.0459536465086
-0.00410345543591
0.0451806451018
0.00488608073245
0.0442778441068
-0.00471572871943
0.044676487391
-0.00469962408584
0.0451248911616
0.00477043719236
0.0465127359267
0.00478303437209
0.047377491015
-0.00475811814901
0.047201068812
-0.00466289498495
0.0469599483505
-0.00480701005647
0.050096158404
0.00463551359776
0.0527206301466
0.00467781878279
0.0541703320844
0.00453684289792
0.0565700228269
-0.00546907416053
0.0576383796011
0.00396091658655
0.0583877307304
-0.00548646474153
0.0566865144794
0.00471022805798
0.0563645135961
-0.000390466149985
0.0541658038909
0.00503666488161
0.0583372907672
-0.00458043933609
0.0610813220836
-0.00550737414069
0.0639909155775
0.00520062267906
0.0658752097556
0.00475417758555
0.0637291215206
0.00479475500512
0.0618372981278
-0.00467722794662
0.0611151171786
-0.00464938033271
0.0622846697258
-0.00470997032077
0.0668790199686
-0.00982994519713
0.0613013378435
0.00452783781975
0.0720461996455
0.00459125020144
0.0776924551577
-0.00432165835077
0.079814021314
-0.00443139227817
0.0769611604536
0.000573268456058
0.070419730479
-0.00396171743422
0.0733297783644
-0.00413002290949
0.0775898859964
-0.00553371450461
0.0773385131191
-0.0147777821373
0.0750038577635
-0.00267403101506
0.0770876855273
0.000582320569284
0.0859064868746
-0.000160526523985
0.0762742195503
-0.000261481196116
0.0840187251005
-0.000731662402653
0.0837526637137
-0.0040146245502
0.0951114147404
0.00397933776891
0.0973721594329
-0.0094949612921
0.0968767115372
0.00514399969371
0.101136785817
-0.00343517452296
0.0958214472522
0.00564122413768
0.090025122739
0.00413089760673
0.0924932110073
-0.00673819261553
0.0813742770967
0.00435844981819
0.107455316592
0.00415981972826
0.107645359596
-0.0123325036597
0.0969216216482
2.14064690886e-05
0.101086532014
0.00411381821712
0.116781439244
0.00453971232388
0.121824797717
-0.00397836985582
0.115201999405
-0.00538247662187
0.122632053976
0.00365051541779
0.119924983515
0.00479479115904
0.122048476119
0.00441648060905
0.125384729182
-0.000876160164398
0.125126838469
-0.0100269363427
0.109135492889
-0.0154685259842
0.12412513482
0.000835342458071
0.120911271299
0.00196263261569
0.108954701911
-0.00458323285232
0.126657212994
-0.00471803487752
0.114487533893
0.0038189320795
0.139510276425
-0.00477007828604
0.141690000338
0.00408373022482
0.150623346921
-0.00842756782001
0.12791749007
-0.00586913475719
0.139392439042
-0.00591376237125
0.135562698933
0.00502511165463
0.142626699908
-0.00436867890452
0.135430312476
0.000544526144451
0.133757137964
-0.00545127726925
0.150787472009
-0.000333191762784
0.145638505853
-0.012244547247
0.139797255116
0.0048228982078
0.148188378724
0.00201158279898
0.146344115125
-0.00429032379225
0.154408337313
-0.00451496514487
0.156601570524
-0.00543598282746
0.157994892522
-0.000607686231836
0.127335658964
0.000557641008194
0.128594800221
-0.00544967753107
0.145489710022
-0.00334849986153
0.139806767449
-0.00934568883875
0.138097741409
-0.00427701950258
0.128760397472
-0.00535947101151
0.170456153661
-0.00116717848344
0.161499861861
0.00422020980364
0.173625784128
-0.00790747478597
0.193710306812
0.00200549087089
0.175326107683
-0.00851635103838
0.164249864205
-0.00665956051716
0.156080183063
0.00533563727659
0.182665372492
-0.00139856483792
0.170876710997
-0.00407011109999
0.175407326599
0.00426397001499
0.179747636001
0.00496470141905
0.182605433648
-0.00517826196494
0.18008044302
-0.00430458632067
0.174227854006
0.00393985193532
0.18836514679
-0.00884748452046
0.187354894963
-0.00543091655811
0.179214741143
-0.00414119619523
0.195681870605
-0.000806334846505
0.177708097856
-0.00465046743184
0.184467135555
-0.00639930333079
0.195395421406
-0.00218832288699
0.177999990655
0.00275491738007
0.153942792809
0.00265635268069
0.156995619091
-0.00265557207801
0.17421334853
-0.00502721088808
0.186814528088
0.00352452167913
0.227611682156
-0.00552580434081
0.210943831789
-0.000263096652185
0.205907956179
-0.00171149204911
0.196792356594
-0.000725774555177
0.197126731958
0.00474572538296
0.21064043065
0.00385305516308
0.217227170644
-0.00504789575062
0.216321444874
0.00372719970266
0.226817711232
-0.00903826816099
0.222303829225
-0.014347657342
0.200112334907
-0.00231803353462
0.200943755458
0.00024499552713
0.242260210166
0.00137471124681
0.238430124546
-0.00384233826204
0.235678248599
0.000632569502652
0.222249028421
0.00171388475997
0.220272189357
-0.000724064993645
0.247986257706
0.00456017726143
0.209604785533
-0.00274838597093
0.209366502145
-0.00904564636805
0.225884735934
-0.00904953266694
0.254171510165
-0.00747937571721
0.26303254561
-0.00653077610629
0.273571554386
-0.00792837107565
0.273764940418
-0.00247806005244
0.261407176573
-0.00334588547096
0.251593611082
0.000864432147009
0.269966006136
0.00150253151152
0.212511136185
-0.00962914391713
0.224393124537
-0.0105859240772
0.254365816509
-0.00486396485775
0.270564656625
0.00114268729567
0.274668226571
-0.00586503187281
0.253916693216
-0.00584027428583
0.282209161731
-0.000752757100208
0.292518740247
0.00399726949534
0.309610695325
0.00321937349719
0.302765591081
-0.00193760314597
0.277664531409
-0.00677149116174
0.257430874497
0.00167072572686
0.271001829049
0.00206163787528
0.280723377039
-0.00264984931259
0.296741464577
0.00356745319725
0.311706044373
-0.011414029665
0.290154182891
-0.00794914673926
0.292419660549
0.00619126251499
0.286133471371
0.00380768158172
0.298635668175
0.000119245085452
0.299517617138
-0.000369782406869
0.237284164355
-0.00138852553461
0.28780957075
-0.00213396455688
0.290381548569
-0.00185066108467
0.359976260193
-0.00185728949123
0.37707762959
0.000134796528361
0.344460612895
0.000988447139065
0.256732151459
-0.00769252676758
0.296868789351
-0.000603872734931
0.3091187564
-0.00771995415689
0.32466538479
0.00386540023337
0.331421285295
-0.0123657733843
0.334435680606
0.00128205533571
0.31712021878
-0.00301979763525
0.35223392415
-0.000978422323288
0.252538404969
-0.00126979502371
0.280700158964
-0.000637737778176
0.310999215976
0.00393719306499
0.381031127266
0.000769258630436
0.277039611177
-0.00147701659428
0.301539814457
-0.000715740064021
0.349190686147
-0.000647992170618
0.302174222783
0.000720622941589
0.267615339519
0.00314345171548
0.344670183388
-0.00105333495159
0.356491016321
-0.00180050244283
0.306595667445
-0.002235218266
0.330765045673
-0.00177996738647
0.356555690242
0.00132805459719
0.321797144821
0.000499697641156
0.338790620057
0.000724378832052
0.377219758833
-0.00640038900662
0.374587629186
0.00116126780914
0.339521749249
0.00133256118816
0.411530632052
-0.0029695715322
0.417730902736
-0.000644667646537
0.304647532112
-0.000315747999883
0.314339609918
-0.0011574687323
0.328626970105
-5.94709873459e-05
0.357075441533
-0.00126251692011
0.395085506399
0.000309906942391
0.36095974529
-0.00316518681543
0.354800934045
0.000247336659846
0.325313136777
-0.00932973843609
0.398049344856
-0.00250905683541
0.373178973802
0.00091424678373
0.409160724715
-0.000294373116603
0.37101490415
0.000721046365848
0.414947653122
-0.00878181588328
0.408298695693
-0.000997692600753
0.394335499323
0.00194517621776
0.326886813993
-0.000336664531704
0.338134782596
0.000882335950102
0.376003771901
-0.0092848914296
0.379860242304
-0.000420768479635
0.431202217956
-0.00114535652934
0.377890382874
-4.83282864422e-05
0.408595266745
-0.00777285521515
0.42559699827
-5.81152834072e-05
0.432034399851
-0.000237039751311
0.411043868049
0.00432739558978
0.42301510004
0.0013237611664
0.374474368282
0.00124696893605
0.358251351539
0.00222733618213
0.365406503289
0.000333633150055
0.328382861435
-1.17548407378e-05
0.347638987162
-0.00132062032431
0.39961248013
0.00132764422723
0.356029407942
0.00113585459734
0.375503450738
-0.00207733709043
0.358361621409
-0.00145116758374
0.372161282068
-0.00155766677712
0.351855568154
-0.00180675646903
0.359224477172
0.00136045264985
0.391263606568
-0.00119220784512
0.41922204688
-0.00029344177751
0.444935331481
0.000415099371411
0.368818633436
0.000618534933624
0.391402499687
-0.00253071346856
0.473162327098
-0.0021307078768
0.36876068407
-0.00176145494231
0.439258795314
-0.000355041829991
0.425901369338
-0.000499698564578
0.377191468035
-0.00316178298688
0.375635321501
-0.00114007887067
0.370114722917
-0.0013239878598
0.43394136986
-0.00773194439224
0.404966841005
0.00192494303199
0.431457854993
-0.000818460084121
0.456853823594
0.00136590086522
0.397701883081
0.00120343389848
0.416515938242
-0.000879848185095
0.40017588518
-0.00141811387914
0.404876029801
-0.000471676305125
0.391851543889
-0.00159583197607
0.44903527764
-0.00142947261526
0.415020241072
-0.00284084718872
0.421455300464
-0.00382973104253
0.455061550905
-0.00196224736157
0.454437496475
0.000760328476982
0.430010470278
-0.00699119291131
0.453269101974
-0.000751329622863
0.437715973055
0.00181080588374
0.434396051637
-0.00677486567866
0.435286219361
-0.000429843331069
0.441010053708
0.00302531478447
0.422717962474
0.002883252188
0.448906465149
-0.00921602565862
0.439229988835
-0.00686073744601
0.418875554248
0.00345957250253
0.44028284519
0.000410938541224
0.428750639523
-0.00787582681127
0.424912353027
-0.000348870408854
0.410150271568
0.00165590235675
0.426866153824
-0.00169578777074
0.425761970855
-0.000210428105857
0.444975050461
0.000975731225759
0.40779721719
-0.00262910582417
0.416862041179
0.00137467373426
0.454807673392
-0.00550949163329
0.427138916668
0.00250071192146
0.453503627925
-0.00504096161926
0.455501856188
0.000209455883035
0.454963786773
0.000157867249477
0.407836799409
-0.0135506206498
0.438952800547
-0.00568396901009
0.365631007475
-7.50338086212e-05
0.376625649178
-0.009776249348
0.37913092853
0.00237852851342
0.332759949327
0.00155036327106
0.451837110843
-0.00740802314425
0.477786260014
0.00226807662922
0.535181568375
-0.00711055577533
0.438535849974
0.00315267822782
0.446531164904
-0.000696096507233
0.393024495697
-0.00688634364492
0.38428679342
-0.000359479453007
0.458824586605
-0.00230301683228
0.470485905481
0.00106583605496
0.45979743791
-0.0087912663293
0.383277033187
-0.00353590382875
0.38410143615
-0.00820623487004
0.394812783037
0.00172801596276
0.444963261273
-0.000476341612701
0.470293163307
-0.00201322222459
0.431735136581
-0.00137966607254
0.443456559583
-0.00196492339909
0.41261919857
-0.0063095344606
0.403026336781
-0.000628465664437
0.410952388361
-0.00118286952258
0.423002835195
0.00289901724485
0.450350926066
0.00304892063239
0.458451287207
0.0017441038375
0.459601915882
-0.0109730491453
0.445796751627
-0.000581512307867
0.427439158126
0.00257846655533
0.43089434858
0.000492262510414
0.427656591096
-0.00720246476076
0.424616502601
-0.00114585913738
0.44795366221
0.00256588608958
0.467315438191
0.00371813416086
0.459251763499
-0.000789006596622
0.434061174216
0.00309838135948
0.431770861103
-0.00314779012579
0.413211006927
-0.0122571652461
0.437244648195
-0.00225366758725
0.426484040873
0.00111741409993
0.435341158702
-0.00233909714135
0.432551124186
-2.24897671381e-05
0.453689143826
-0.0017179483367
0.441245370336
-0.000522655413439
0.443274864195
-0.0042002751119
0.440255832404
-0.00370490705976
0.415446306901
0.00419446168459
0.416191221
-0.00233395085626
0.421485551623
0.00156839251894
0.428238821637
-0.00208237319969
0.451743139553
0.000245981811948
0.427569194206
0.00265609286575
0.460844941846
0.0006031498711
0.45917500538
-0.000797215639565
0.440039176778
0.00330361278439
0.441541698179
0.0041543638592
0.410116785205
-0.00734620973827
0.392050760476
-6.55935265084e-05
0.390519619038
0.00349401119594
0.429253483637
0.000182246116624
0.422042894222
-0.00677485259224
0.418427750723
-0.000641927795354
0.436333639492
-0.00545142698101
0.409924376964
-0.00156767813277
0.400518860816
-0.000547160280649
0.41094130307
-0.00593233607973
0.406830294351
-0.00851108350333
0.421607742907
-0.00799088270753
0.403766023913
-0.000710513247051
0.422873687392
0.000104605326253
0.406937526822
-0.00679720078683
0.416866403063
0.00417613019255
0.432296504282
0.00048155796758
0.405304080659
-0.00142574002238
0.42038512953
-0.00843833911929
0.403879333842
-0.00897594725425
0.402418303061
-0.0083448028637
0.419462133377
-9.11280450698e-05
0.42419633275
0.00412245843026
0.430935178994
-0.0051337001018
0.414504405564
-0.00517997202773
0.422932063379
0.0036121388777
0.405494241718
-0.00144447126798
0.39644208912
-0.00313490502687
0.423886470193
-0.0064691987606
0.437069320162
0.000242280896673
0.427156552695
0.00451672489185
0.40669262545
-0.00191613385082
0.40898886671
0.000764298108263
0.382641528374
0.000477310245386
0.401404798422
-0.00155699173504
0.389449294702
-0.00838689042095
0.407152428
-0.0137752453139
0.401946542814
0.000397247325645
0.395262758547
-0.0015427502867
0.407564331798
-0.00371399718381
0.405487188191
0.00324872876294
0.418705967095
-0.00125394487994
0.418039307789
-0.00156642995788
0.401015278424
-0.00810268049898
0.412907855462
-0.00114925106115
0.377081800826
0.0033191616537
0.419863173455
-0.00346293364803
0.403006360885
-0.00565843249715
0.393039638338
0.00316065058414
0.420425376333
0.00227128662004
0.425715944268
0.000237918501464
0.404475985544
-0.00578374045003
0.412128580838
0.00318321354135
0.415143609333
-0.00143475278134
0.406360090006
0.00131369449376
0.405939081207
0.00268044227871
0.413951541305
-0.00854205618292
0.402470791319
-0.000856459921451
0.408877833251
-0.00676328674652
0.390686384753
-0.00272639277106
0.43490896728
0.000758991299026
0.41105351423
-0.00488655875137
0.372732489532
0.00292160399302
0.396076216972
0.00451579672632
0.414534395007
-0.00200657504132
0.398369089919
0.00347372069711
0.426619725358
0.00198194846118
0.404349243301
3.7398021652e-06
0.405512669623
0.0044169324212
0.425756258092
0.00509528575782
0.405226671547
0.00456703016279
0.3963155137
0.000315940217835
0.388214877321
-0.00715874238528
0.390587651224
-0.00941475087805
0.375233123698
0.000779735654969
0.410949739025
0.000608427938369
0.347820491038
-4.58227559645e-05
0.382806435936
0.000374636176149
0.385588505582
-0.000870257439915
0.388289148904
-0.000582697672212
0.383984954147
-0.000495526441597
0.405326087837
-0.00341543341057
0.404764208716
0.0030671844914
0.399133158378
-0.00230397946247
0.40653438075
-0.00128531418479
0.393518198494
-0.000713038790763
0.394721951805
-0.00148800785996
0.393602275935
0.000126455838541
0.403331974707
-0.00700566461748
0.37863035727
-0.00419319653696
0.373206881801
0.00200265585392
0.366870901323
-0.00264914262776
0.382131487224
-0.00674557133867
0.383351361941
-0.000165561658356
0.37283855348
-0.000350078514067
0.361093772993
-0.000361584607104
0.349840848119
-0.00992398196462
0.365809266884
0.00236346145938
0.413761944037
-0.00789877393192
0.393320824414
-0.000640458933435
0.400695133131
0.0013136416978
0.396174069578
-0.00200842333662
0.393262864253
-0.00658615770408
0.38285398125
-0.00175906448669
0.375122809559
-0.00167270239828
0.373847482708
-0.000571949741892
0.373589811352
-0.00129901435332
0.383311599901
-0.00198660538005
0.393292053614
-0.00700706205983
0.384114431619
-0.00665827369972
0.385317774907
-0.00065703102017
0.384782405041
-0.00666383573999
0.376981222468
-0.00177198853958
0.383991559201
-0.0123184382284
0.376916698305
-0.00762219135001
0.351175590083
0.00501822880634
0.382939226722
0.00501822880634
0.382939226722
-0.00187091416315
0.385914663636
-0.000539407705749
0.377494163567
0.00153685362675
0.337749087095
0.0016804949436
0.370299966232
-0.0146870051264
0.41313994222
-0.00104161668591
0.391905227498
-0.000236117099351
0.372217659222
-0.00906007925862
0.342908799631
-0.00420498106888
0.389960154875
-0.00956931567839
0.368438123943
-0.000334729799085
0.398620607404
-5.14262712562e-05
0.375046093743
-0.00229338656771
0.384773871503
0.000665877681008
0.357678937588
-0.000274918230609
0.359900524298
0.0017595614881
0.369208335648
-0.000461169989193
0.334201026262
-0.00196004013769
0.327444583222
-0.00240233187402
0.376596190257
0.00146335952642
0.338005528554
-0.000976083546734
0.390528754271
-0.00347154847462
0.406284142427
-0.000744242644486
0.367079227654
-0.0179216334805
0.361254203427
0.00163018180409
0.367409188775
-0.00107723768243
0.378021384807
0.00280483259025
0.349867954744
0.000687943876039
0.337905071684
0.00240354340205
0.365029679088
0.00220265827174
0.382758705623
0.00250369514508
0.372026641809
0.000737056395361
0.374593406026
-0.000544307438609
0.373350473553
-0.00101757118143
0.40762615999
0.000684394990271
0.386477251882
-0.0110440447464
0.376746271771
0.00358041517677
0.390556391747
0.00256431804813
0.394672944389
0.00122508437284
0.344355068248
-0.00423267362438
0.356569289728
-0.0025684413405
0.366175259444
-0.000933816093009
0.365052538172
-0.000606455881789
0.363818046435
-0.00150707520233
0.375061404177
-0.000336642491825
0.382502192645
-0.00215938003881
0.368871746231
-0.000937328457714
0.35485495075
-0.00169944002421
0.361679572107
0.00223730948967
0.359318214086
-0.00101114623266
0.337305649829
-0.00656242141161
0.328070961254
0.00202378278128
0.357486382387
0.00202378278128
0.357486382387
0.00233360358111
0.374893678431
0.00233360358111
0.374893678431
0.00233360358111
0.374893678431
0.000968717742608
0.278965759783
-0.00253899147627
0.281277835854
0.000636520910016
0.340643949812
0.00228798865722
0.384734932134
0.0024283004605
0.378340406154
-0.0136080372088
0.366460310103
-0.00639047206993
0.337811386439
-0.00171893483244
0.356183536438
-0.00155553566997
0.327649939837
0.00401434250129
0.360721016838
0.00146815270412
0.33763439111
0.00122220168359
0.334305619547
-0.00139576276111
0.329696668228
-0.00143051947714
0.327281323919
0.003792887566
0.34785391116
-0.00196812636897
0.287615344309
-0.00678561957051
0.325584329636
-0.000292362988206
0.342603703207
-0.00252313788799
0.383544660593
0.000106801901346
0.348122662642
-0.00689870414382
0.372306810067
-0.00392044229022
0.360182257268
-0.00762221410507
0.354580177815
-0.00707727077177
0.348738153055
-0.000488024141634
0.344772880928
-0.00195124729927
0.357581815672
0.00184905084068
0.335795269157
-0.0126637399847
0.338412012918
-0.00441516921507
0.329751993413
-6.809011224e-05
0.326162482562
-0.000234699616098
0.330138301186
0.00562089666459
0.345266762309
-0.0013199467679
0.341276958341
-0.000908360326492
0.332483670269
0.00138966200289
0.301285369218
0.00124876488623
0.312658900581
0.00256362774732
0.334012024972
-0.000612644450823
0.331649490908
1.5355698889e-05
0.33481143149
-0.0142825381729
0.338540061414
0.00185186696341
0.349397663097
6.58904607695e-05
0.348659839413
0.00167003261515
0.329421247044
0.00347812174372
0.351215705258
-0.00156538823115
0.296612426579
0.0019779110721
0.312254151686
-0.0042541868926
0.30669418196
-0.00247443914429
0.323739607415
-0.00171700922965
0.316288531137
-0.00656757850485
0.329421514232
-0.000603836848686
0.325193270422
-0.00685670523191
0.329900232572
-0.00681559219073
0.326381262137
-0.00191241251838
0.345202576131
0.00326558361015
0.344886368417
-0.00101081424238
0.333943172575
-0.00293897265502
0.309911259698
-0.000335800454931
0.32913830655
-0.0143765274138
0.312846240705
0.00314790860391
0.306032322382
0.00249380665102
0.306019202477
-0.00289831245175
0.249433362554
-0.00225260033357
0.290508227948
-0.00261025658767
0.301510886424
-0.00606664781886
0.306835981849
-0.00804018070219
0.299555930565
-0.000967485765399
0.258644372812
-0.00231833925392
0.281149503486
-0.00329723150519
0.329055101284
0.000378868891951
0.327265297674
-0.00162360056198
0.279755523774
-0.00722671923723
0.314819906387
-0.00735232733143
0.286769532664
0.0034015446915
0.339807297151
-0.00719147414761
0.31663068708
-0.00564560831314
0.290788588192
-5.58111574054e-05
0.307839864532
-0.00694771396142
0.309545973759
2.8481129264e-05
0.316388676726
-0.00141139523923
0.28445263651
0.00124007892894
0.284783258108
-0.00200064536257
0.256626558167
0.00141559382712
0.271411847815
9.57427468647e-05
0.213009361797
-0.000991171943639
0.274646786091
-0.00157581863216
0.255603812743
0.00144505694146
0.265628470099
-0.00856537623295
0.272522950705
-0.00373916099677
0.280897128385
-0.00120515046267
0.258101805574
-0.0015342173463
0.269104273893
0.00246736671206
0.280364655661
-0.00115707967356
0.272333130462
0.00111739468071
0.252630345234
0.00023852088973
0.229575883352
0.000731323502925
0.299884661143
0.000500457167949
0.30561253295
-0.00861473456457
0.311136208149
-0.00744512557465
0.316116254522
-0.00843767834103
0.306625090198
-0.00997213407698
0.304665670224
0.00314868582782
0.284928180846
-0.00696082264985
0.234162475897
-0.00384860685773
0.25953753302
-0.00270893471896
0.246262012543
-0.00164251392754
0.260290715621
-0.00226611280006
0.28720354405
0.00313201763414
0.293399453059
-0.00185095734437
0.300050002611
7.72098164039e-05
0.27554897096
0.00482459296708
0.300810927278
-0.00145855385369
0.284856071839
-0.00338306327033
0.267742551055
-0.00136546388635
0.262623627304
0.00416134884754
0.274520670812
-0.00261755609089
0.279588137301
0.00375652023861
0.290908985696
-0.00019212215735
0.26908394022
-0.00876768070817
0.280897311901
0.004543869544
0.283391317316
-0.000745951276954
0.222692387124
0.00195183261698
0.252523020662
-0.000754150826199
0.236081789464
-0.00128875438935
0.227032289836
0.00154837964082
0.251422421282
-0.00250581441761
0.243490198433
-0.00504404801607
0.25652249595
0.00296310483788
0.295186148908
-0.00329536474911
0.287334512887
-0.013212877969
0.284163877387
-0.00744349785892
0.27481681607
-0.00717228115431
0.268038979671
-0.01202917332
0.255169018857
-0.00171181658976
0.253878378622
-0.00632452792756
0.239553973076
-0.00173185457586
0.244056124408
-0.00788559218445
0.249644523209
-0.00347830659315
0.257194535272
-0.00790030524973
0.258046827702
-0.00402397510389
0.268679008777
-0.00781993352842
0.258714209024
0.0041331406334
0.273529916289
0.00110389994509
0.237725782691
-0.00335414076763
0.244386996397
0.000158373668546
0.22167507173
-0.000198326686341
0.230753167426
-0.00377600869338
0.238534207648
-0.0120480194291
0.242655860569
-0.000807668681508
0.239138511596
0.00177226294719
0.250272247343
-0.00175672233586
0.237584479413
-0.000405179004616
0.230997065338
0.00405510088771
0.240518651721
-0.0114795040426
0.227138093822
-0.00696636600949
0.222350782557
-0.00421166386614
0.229173146389
-0.000517168192941
0.24325149578
0.00299674373653
0.235757106821
0.000455896504867
0.199324243861
-0.00113717548298
0.175435704879
-0.00125188336654
0.19643248757
0.00199712165088
0.205817694114
-0.00160511659694
0.164705490443
-0.00134237283991
0.207989206756
-0.00068765694439
0.196267672201
0.000729611264574
0.16658023407
-0.000917021412121
0.193472465807
-0.00220364926441
0.256196140958
-0.00128430681304
0.249427835227
-0.000532316647391
0.252978525352
-0.00819380820912
0.237973672473
-0.00689082181064
0.245530230717
1.09015632131e-05
0.224975379188
-0.00043816242825
0.212209782556
-0.000154755660253
0.22233396332
0.00140904167775
0.221138611383
0.00516109211546
0.221641965807
-0.00464768029009
0.229898027016
-0.00854100044259
0.235139904916
0.00123884581561
0.219940916661
-0.00284748779659
0.229954901274
-0.00693720191521
0.209895088888
-0.00151846674198
0.218693961359
-0.00103368379557
0.197172581873
0.000982591108175
0.213379716748
-0.00186880584339
0.214882202449
-0.00163862315345
0.213055575559
0.0049926316654
0.228487942727
-0.00815615492828
0.205775871446
0.00102757716465
0.206177671583
-0.00591041175542
0.191202625432
-0.00976600844003
0.193154935133
-0.00102741604823
0.19068123858
0.000125763259767
0.176321757089
-0.00364924496118
0.191851100123
-0.00089764151031
0.197751197147
-0.000435161672906
0.193775482471
0.0037255483062
0.214512231787
-0.000821065753071
0.209986077626
-0.000916794146204
0.199059059119
-0.0016779216571
0.160386439795
0.0022710663307
0.222616629024
-0.00100710426099
0.155965776743
0.00027240930445
0.148848167389
-0.000835751659246
0.154292636817
-0.00107755917896
0.171989926893
0.00118130460107
0.174317504106
0.00250657241095
0.161798854478
-0.00380124933568
0.210647866802
-0.0141160118315
0.191733034332
0.00171924195317
0.209466716586
0.00247897964468
0.210727341475
0.000306849721902
0.214751717227
-0.00253670020187
0.199976823942
-0.000853702619867
0.190890323545
-4.96893619817e-05
0.182759482649
-0.00425231589602
0.184513307808
-0.000800862250575
0.167735817907
-0.00726684239294
0.17497198988
0.000152687712996
0.178344417994
-0.000136422957322
0.158498615978
0.00108642768111
0.198466621714
0.000760958599536
0.162888864478
-0.00141875773502
0.176493950259
-0.00638875864296
0.164880132363
0.00161334107543
0.19192162304
-0.000143438441007
0.193260767005
-0.00189546501179
0.195337558249
-0.00189546501179
0.195337558249
-0.000409516666888
0.199846688221
-0.00935725962798
0.177670437444
-0.0137021049825
0.168621824922
0.00494104903328
0.174574278999
-0.000229948332983
0.180167373773
-0.00650032602561
0.161586335822
-0.00739735339643
0.172443567394
-0.00813964761861
0.173072889068
0.000502436330751
0.169492915539
0.00156740872533
0.172947882912
0.00341977386947
0.178994153445
0.00334427990114
0.174553526797
0.00323861940351
0.185506363395
-0.00521201041521
0.185911349085
0.0016398715338
0.175780159595
-0.008661515998
0.15490321431
-0.00452018039783
0.130864522651
-0.000643572443489
0.154981402488
0.00462444416442
0.165315017839
0.00475133320266
0.18033886087
-0.00554241386534
0.182716546523
-0.00460655073325
0.18661949689
0.000119356557424
0.193263533253
-0.0101185861765
0.184960351629
-0.00313962169639
0.171623938288
-0.00162780377297
0.166450707158
0.0015781096801
0.158980432161
0.00128590772886
0.153237919523
-0.00122533104324
0.149570476763
-0.00926573671168
0.150934076728
0.0020825670002
0.155266105164
-0.00286644615447
0.160202207304
0.00128860013218
0.178346762237
-0.00698860375283
0.168531405857
-0.00444665002333
0.147184485369
0.00608332074249
0.143152254061
-0.00898112220995
0.131986182695
0.000148663871302
0.140054929026
-0.0111622952049
0.150240380063
0.00355923271922
0.146424938627
-0.00498082874035
0.150775411773
0.00354330383819
0.17014470249
-0.0060370272214
0.15124687906
0.00401882545141
0.140993867115
-0.00722632524862
0.143815333437
0.00395684792432
0.159587479874
-0.01274993974
0.151430466841
0.00572800672335
0.137892538794
-0.000963244145447
0.130322567111
-0.00416108291534
0.12976584108
-2.06295340344e-05
0.128144321591
0.00410918975671
0.14924627975
-0.00112064693858
0.151412397754
0.0057578461682
0.144637650304
0.00485970378028
0.13917919609
-0.00353395592218
0.136950938613
-0.00612626232035
0.142833862781
-0.00585394023619
0.135879789576
0.00408296320022
0.15201575626
0.00135580770695
0.145438853577
-0.0128151203448
0.149821451499
-0.00180446762411
0.136509076887
-0.00152009962752
0.125584212648
0.00407982637275
0.146991927705
0.00420080607999
0.144415545153
-0.00796742441289
0.134404772054
-0.000283311264555
0.124437360854
0.00206406839621
0.120735791417
-0.00934790302317
0.128178226279
-0.00341328641617
0.131302852835
-0.0149218385381
0.12355906919
0.00456169932748
0.144953276152
0.0031008546128
0.147412867987
-0.00284914249005
0.141705403668
-0.0143018589663
0.10785977671
-0.0112994804347
0.116902311815
-0.00108480722832
0.129989838074
-0.000813853238885
0.117311020686
0.0042487735843
0.117913547841
0.000189531298462
0.106273866676
-0.00793260897743
0.124377817056
-0.00483741283902
0.134086258471
0.00345039286997
0.136592041875
-0.00504702318157
0.139096218788
-0.00329771789743
0.129928178093
0.00538426908317
0.131370061551
-0.00415519021742
0.125017516291
-0.00311177670471
0.113852972061
0.00512511053612
0.126001886619
0.000256012716572
0.125016644912
0.00467692868638
0.125254682833
-0.00494865016604
0.130348473045
-0.00615514646654
0.130600236914
0.00387246022021
0.130699510794
-0.000100563589508
0.122185274079
-0.0047551145203
0.114566467588
-0.00689542087028
0.117261016691
-0.00551306740674
0.108095946669
-0.000668071918148
0.129161050507
-0.00210234096116
0.11220481729
0.000513661829156
0.108899320662
0.00494169162242
0.135688918484
-0.00430420622677
0.119000609069
0.00429759724836
0.125080182489
0.000534623865977
0.126984122026
-2.42034954232e-05
0.114440811377
0.00413112055825
0.114567199924
-0.00424170113757
0.124687570233
-0.00562465966142
0.119289924122
-0.00570460656132
0.119856780019
0.0046558439799
0.116181106761
0.00380517437582
0.115830479508
-0.000817777788077
0.108857442968
-0.00813229260746
0.103142064412
-9.84330468899e-05
0.108969393704
-7.27779149482e-05
0.111754668591
-0.0050238824494
0.130117103078
-0.0051707701368
0.119781442757
-0.00183810740376
0.108102379193
0.000886434623058
0.101895836212
-0.00760842852359
0.101641265474
0.0039943391723
0.0979152494742
-0.00154732886747
0.114256726148
0.00452420542648
0.118442230848
-0.00612248679905
0.114734508656
-0.00868758884654
0.123413832164
-0.00443760500623
0.11759608223
-0.0013189489286
0.104512825582
0.000282714009303
0.111172344014
0.00372574930219
0.109706505145
-0.00428195653574
0.108913389713
-0.000668521936583
0.107999796664
0.00571526250793
0.104155898087
-0.00402348624441
0.108663473147
-0.00614529202051
0.108582240153
-0.00574007544259
0.106976462747
0.00373524705092
0.108990513171
-0.00571951829845
0.105724263551
0.00467415049206
0.107305829885
-0.00253662987164
0.102497718967
-0.00725435853366
0.0901259919752
0.00455097205493
0.0957279718113
-0.00126366600315
0.0945545859083
-0.0041727151503
0.0930952367146
-0.00521166365688
0.116635207905
-0.00184015182256
0.105471883653
0.00495820504386
0.107364493461
0.00483910954069
0.10363374183
-0.000767072375754
0.0940464315925
-0.00425102472892
0.0954246112245
0.00377684645577
0.0989729257302
0.00376247860074
0.101371459483
0.00468049992039
0.100062822359
-0.00557851922442
0.103146531772
0.0038555400913
0.108844730916
0.0047005379773
0.103854168702
-0.00435006078056
0.0998154701874
-0.000651031191645
0.072485333264
-0.00774584123602
0.0829037568247
0.00548509066683
0.0865553151207
-0.00261148741344
0.0788238266089
-0.00222429264484
0.0921123938265
-0.00337954754298
0.095152925651
0.00511864371086
0.104072380771
-0.00551238414462
0.097780883685
0.00327412193785
0.0970700617572
-0.00957063380138
0.0916541100385
-0.000957483924566
0.0744946866298
-0.00991350982038
0.0609897731352
-0.00532502334874
0.09276192533
-0.00569007409717
0.0962829430703
-0.00463304095707
0.0922599858553
0.00460998109291
0.103549681396
6.11185453163e-05
0.0919648538765
-0.0010874552044
0.0876829596586
-0.00147273687067
0.0730874090124
0.00189691335612
0.0817936868833
0.00338194830043
0.0840867968023
-0.00696205241754
0.0857934371641
-0.0143365412445
0.0875522778112
-0.00612703164337
0.0815271344039
-0.00194502228097
0.089494686912
0.0056343846637
0.0973814493797
-0.0056601020783
0.0798914376598
-0.00848078973725
0.0791947847086
0.00447378623851
0.0965613003492
0.00397226645704
0.0946493527471
-0.00426484395305
0.0943129215609
0.00388964037832
0.0841725229922
-0.00369196825475
0.0841957153295
-0.00746163917214
0.0710826600441
0.00305896433759
0.0758635224805
-0.000728785826564
0.0763630008198
-0.00818428472701
0.070043620122
-0.00298537896114
0.0909998010383
0.00108853988317
0.0951548650711
-0.00718498738831
0.0875316546249
-0.00421207527492
0.0996758423186
0.00474183302733
0.0870012657759
-0.00153146724589
0.0789152036185
-0.00545818750545
0.076418588926
0.00489842747902
0.081660527003
-0.00471801756929
0.0836922002842
-0.00469438386363
0.0879357421847
0.00472141165496
0.0834168552208
0.00477796164176
0.0739515484421
-0.00272222323386
0.0672956170678
-0.000184990572704
0.081310844683
0.00029282828134
0.0767467853688
-0.00871058843008
0.0652723736542
0.00521278191341
0.086132019259
-0.00606425280534
0.0740445515581
0.000855346277189
0.0877447811627
-0.00381584504653
0.0940075249902
-0.00466486192995
0.0891134191957
0.00465129838183
0.0886943048728
0.00377068977342
0.0834566002777
-0.000117165626187
0.0652390006217
0.00401607679582
0.0657943372352
-0.00442440159389
0.074547563465
-0.00038564604154
0.070892618074
-0.00774465981716
0.0666132150199
-0.000658077649343
0.070935192598
-0.000333935578425
0.0844616669714
-0.00405662520558
0.0850519145089
-0.000460733266965
0.0736418608154
0.00609248286564
0.0729164120629
-0.00461855855068
0.077139042244
0.00469050870128
0.080480280337
-0.00469764841249
0.0741513107677
0.00472968124813
0.0751668074509
0.00601959214527
0.0700457129181
-0.00473428963532
0.0695972824158
-0.00804754329348
0.0727450410367
0.00258941104735
0.0678165374974
-0.00465863109301
0.0737472851805
-0.00976149259256
0.0572804429372
-0.013984890996
0.0591198026123
-0.00173608639806
0.0696573554758
0.000209484616483
0.071426876647
-0.00297132767876
0.0730457706143
-0.00715665021952
0.0665390607668
-0.00777645339371
0.0698666151739
-0.00413414782512
0.0747565800212
-0.000774226586342
0.0717316839843
-0.0097146102198
0.0630977968403
0.000958836768964
0.0708964661786
-0.00206576209721
0.0685301482604
0.00541464765369
0.0749914077156
-0.00421370245192
0.0803464013426
0.0039868493739
0.0825695380015
-0.00476246926534
0.0802016385132
0.0047450008696
0.0778738804215
0.00455401608637
0.0758040152011
-0.00461966876012
0.0699905599812
-0.0013804938769
0.0629390882585
0.00527464900928
0.0659794200403
0.00473645295287
0.068865484076
0.0047684704355
0.0697262799612
0.00473897904496
0.0682411415907
-0.00447042071978
0.0633228955849
-0.00490211337847
0.0613012353283
-0.00479757163602
0.0622932422243
-0.00472802153469
0.0626152147566
-0.00627327695264
0.0679679718562
0.00469853860636
0.0663220403549
-0.0047569869233
0.0641690054502
-0.0077034389341
0.0596955287595
-0.00589489007085
0.0574138610903
-0.00292919061254
0.060782434455
-0.00403517008772
0.0538499781201
0.0010115909079
0.0624326631558
-0.0113203725333
0.0596215875291
-0.00222076816656
0.0636574623475
-4.8033921633e-05
0.0507570647235
-0.0040852983814
0.0566492174754
-0.00801478315661
0.067208888894
-0.00271257530229
0.0496692582368
-0.000406333735997
0.0570120423427
-0.000467230044427
0.0582117066613
-0.00328881415971
0.0595291118426
-0.00017321187932
0.0558277063356
-0.0091034483318
0.043768029044
-0.0103235325121
0.0509043697029
-0.012270576954
0.0503596395241
-0.0162426394917
0.0699793067433
0.00885903927495
0.0610339427388
0.00136919534182
0.0635241155444
-0.0107831161485
0.0532775773861
-0.00134639887954
0.0617661756502
-0.0103314276023
0.0531185683857
-0.0203824078333
0.061846210963
0.000366687633805
0.0514548190276
0.000500939188383
0.0427188646678
-0.0110752798038
0.0557733938784
0.000756338710676
0.0600961586653
-0.0106453283912
0.0533518372334
0.00493780488323
0.0591922099184
-0.00160742215628
0.0603016286417
-0.0113403608878
0.0524080309317
-0.00081214009033
0.062635190013
-0.00130281694119
0.0445216137698
-0.00602698937225
0.0549658491511
-0.00973375695902
0.0571431017644
-0.0111740860865
0.0443041932271
-0.0163971313567
0.0425730976205
0.00154622558446
0.0561824644091
-0.000839826201529
0.0597415328842
0.000810326678446
0.0601678533105
-0.0113473371299
0.0510930377276
0.00212301020091
0.0522555913505
0.00492685858759
0.0553727028162
0.00476563626874
0.0530297630735
0.00628801739442
0.0554212211413
-0.0101981497973
0.0576327348782
-0.00232861811587
0.0589664086179
-0.00755930700151
0.0569094562847
-0.00958194794053
0.0471777792377
-0.006550797903
0.0498895624632
-0.00410744240476
0.0473871939856
-0.00454401620151
0.0514344916958
0.00473718319694
0.0582843330355
0.00469955835719
0.0576747867192
0.00475770674402
0.0556514737331
-0.00476197935321
0.0545556240372
-0.00467561845532
0.052595214869
0.00475173538378
0.0508826090018
0.00467119351749
0.0509005053373
-0.00466197648947
0.0493374840692
-0.00466752427634
0.0488335419203
-0.00468236379663
0.0492132887725
-0.00466874067172
0.0493180806656
0.00467579341376
0.0482903360277
-0.00477029252727
0.0478483904348
0.00476077832568
0.0467583375324
0.00466576193475
0.0462256162144
0.00477180697402
0.0459786714199
-0.00477473355054
0.0434937243856
-0.00477469861872
0.0421979500919
0.00467642106608
0.0401470487596
-0.00465353466633
0.0374289000231
0.00476763152493
0.0376199005521
-0.0047750753521
0.0372287409974
0.00477078052814
0.036516497178
-0.00477361786069
0.0359789918551
0.00466681277965
0.0358408998176
0.00477323863351
0.0339908709365
0.00467032554359
0.0323645681835
0.00477317076696
0.0305225672655
-0.00477107882622
0.0291142748021
-0.00477604977547
0.0263362951431
0.0046727012532
0.0234820064966
-0.00467413761083
0.0228713514588
-0.00466848379219
0.0184236178529
0.00476890192487
0.0157946263005
-0.00466388989621
0.0133541778465
0.00467667402455
0.013874330227
-0.00466998105556
0.0106654659021
0.00466837483794
0.00684821201685
-0.00477025738323
0.00477238214041
-0.00476758559815
-0.000333394949661
-0.0047701365042
-0.000283313713998
-0.00466637899853
-0.000322281235675
-0.00467040487252
0.000699735856508
0.0046707687942
-0.0032378389655
0.00477016571752
-0.00772723210535
0.00476856469369
-0.00715922466483
-0.00467058236605
-0.00718928703027
-0.00476880958155
-0.0127319652709
0.00475572564465
-0.0147934967007
0.00458647291997
-0.0209544005865
-0.00469267358614
-0.0193582679077
-0.00469462654037
-0.0201789654389
-0.00474173637426
-0.0223450515502
-0.0047467282981
-0.0182380346199
-0.00380383956042
-0.0299566997002
-0.00119010333818
-0.0221520573855
-0.00017145800656
-0.0339164853046
0.00498526734551
-0.0414397236991
-0.00542942427037
-0.0389532383309
0.00472143872293
-0.0365810542939
-0.00558556849269
-0.0337827519449
-0.00543427642579
-0.0327620858822
0.0039031713765
-0.0284068405964
-0.00439804254701
-0.0280985666502
0.00474875945335
-0.0273998341981
0.00476809337915
-0.0251741955242
0.00475563922
-0.0243636077278
-0.0046684348714
-0.0227648150053
0.00467268162884
-0.02072130348
0.00466376988184
-0.0178800857319
0.00468533822039
-0.0183406546186
0.00475302080176
-0.0183759430162
0.00468420123047
-0.0175161860578
-0.0046819061215
-0.0168855768511
-0.00469128345435
-0.0157563046603
0.00475814058253
-0.0124080192716
-0.00475140126219
-0.0128214213117
0.0047526250272
-0.0126908534557
0.00475573154869
-0.0125815568736
0.00475901133066
-0.0113034776072
-0.00468607696663
-0.0110051574374
0.00468350239999
-0.00998755963979
-0.00475373169886
-0.00917208794243
-0.00468572415017
-0.00827330284004
0.00475565415994
-0.00801291259415
-0.00475403889518
-0.00748743563589
-0.0047539883132
-0.0070398975311
-0.00475556031508
-0.00584835545439
0.00475488640388
-0.00557419755331
0.0046832034084
-0.00513609763175
0.00475569238847
-0.00501195974851
-0.00469166721358
-0.00444409447709
-0.00474740259693
-0.00313523236538
-0.00475696490361
-0.00265812737396
0.00475373417882
-0.00287420885324
0.00475345794069
-0.00190051648305
0.00475144541101
-0.00234252310062
-0.0047525157178
-0.0002764630265
-0.00475315231803
-0.000501708829335
-0.00468654053787
-0.000326425948987
0.00475187935951
-7.79248249866e-05
0.00468746607899
0.000656519966927
0.00475127990329
0.00113653281232
-0.00475296397564
0.000898930245668
-0.00475366859962
0.000898751246386
0.00468724165029
0.00074966780217
-0.00475431056736
0.00210081403166
-0.0047527867746
0.0018008480608
0.00468590183336
0.00249528390919
-0.00475287227881
0.00183672657203
0.00475287283072
0.00298907000889
-0.00468721242733
0.00355738699847
-0.00468448231963
0.00249508894524
0.0046854561991
0.00355787479198
-0.00468446646853
0.00345884020842
0.0046851230966
0.0036416078798
0.00468802847785
0.00392767145413
0.00468784438018
0.00410082034343
0.00475180130188
0.00410029856515
0.00468632272426
0.00397323100449
0.00475224706103
0.00448458595252
0.00468765208979
0.00419957473522
-0.00475221671839
0.00457564390052
0.00475280945442
0.00500289847029
-0.00475258125924
0.00475491246533
0.00475252193104
0.00485916377931
0.00475291516661
0.00506356841224
-0.00475139397124
0.00448192911948
0.00475251636431
0.00503158074179
0.00475109943138
0.00493966420257
0.00475194200566
0.00466268489418
-0.00475197961186
0.00489408965328
0.00468723805029
0.00537424753437
0.00475254725624
0.00557954221654
0.0047507422968
0.00545422882569
-0.00475179018215
0.00554380104318
-0.00475084351227
0.00526897226959
-0.00475215648262
0.00495004974477
0.00475162931563
0.00540642052507
0.00475138060496
0.00545195413131
0.00475087594785
0.00536291141878
0.00475133983233
0.0057839722298
-0.00475158207484
0.00628492141933
-0.00475155596673
0.00550095983143
0.00475110829216
0.00564416257249
-0.00475166574927
0.00574935521459
0.0046875089178
0.00510464073263
0.00468843537416
0.00532779285499
-0.00468777352329
0.0057140026913
-0.00468953118819
0.0058836759753
0.00475170791412
0.00578740428526
0.00475052392001
0.00570700082338
0.00475060369626
0.00533137561126
0.0046878428062
0.00567207341272
0.00468790561818
0.00575020716142
0.004687966281
0.00556573133748
0.00468783432344
0.00601786393637
-0.00468792554056
0.00588045682499
-0.00475090849439
0.00560496288399
0.0046880573214
0.00583396571293
0.00475095036626
0.00605028826469
0.00475101418388
0.00591430692063
0.00468774583678
0.00539325127683
-0.00468848944999
0.00585467932618
0.00475056267023
0.00594221845395
0.00475168461961
0.00536718988413
0.00468732985529
0.00536210142409
-0.00475094802007
0.00575767679112
-0.00475040209498
0.00591335057851
0.00475088410208
0.00568940469702
0.00475038926845
0.00604107618718
-0.00475031230337
0.00588768675188
-0.00475027549122
0.00539524007009
-0.00475043138864
0.00549706706326
0.00468880662367
0.00562073170845
-0.0046881619701
0.0055682924185
0.00475062716925
0.00553652210111
-0.00475030926804
0.00579116100331
-0.0047502341228
0.00586852780836
0.0047506963677
0.00555762368804
-0.00475010389519
0.00537124075451
-0.00468845607409
0.00552366283784
0.00475057289106
0.00542244217798
0.00468889145964
0.00520412713423
0.00475072184887
0.00537613921457
0.00468905102165
0.00556175938613
-0.00468844400926
0.00532379240836
0.00468929745731
0.00531054213664
0.00475021372292
0.00545807067452
0.0046892544222
0.00515242946866
0.00468961642589
0.00510521746952
-0.0047500890641
0.00542944292215
0.00468899454044
0.00522031247974
-0.00468828718831
0.00485128752916
0.00475001905718
0.00540041066031
0.00474983044044
0.00560286345815
0.00468923206196
0.00513944655154
0.00469007027231
0.00513042113279
-0.00474902320963
0.00549660536808
-0.00468872426081
0.00527996996417
0.00468924030987
0.0049093473655
-0.00475052596664
0.00485626940792
-0.00474998355172
0.00527708509237
-0.00468915921894
0.00497301898899
-0.00474984072745
0.00498397335432
0.00468954133281
0.0053485013025
-0.00468942943198
0.00516028902874
0.00468919993712
0.00480371987796
-0.0046893839774
0.004945676357
0.00474976281399
0.004977256294
0.00468925699626
0.00468308548972
-0.00468962708288
0.00477317603219
-0.00474962103976
0.00503789528388
0.00468941762016
0.00485394602328
0.00474956580084
0.00447879026131
-0.00475000173394
0.0048714315351
0.00474923034578
0.00454686622878
-0.00474966945099
0.00440276989133
-0.00468959906196
0.00476056391486
0.00468917427381
0.00476627350334
0.00474921899258
0.00436655578822
0.00474922084158
0.00450912655248
0.00468929087308
0.00475904661646
-0.00469002559645
0.00445104749754
0.00468976792565
0.00433501957303
-0.00469006754442
0.00461290466478
-0.00469019946151
0.00410477842977
-0.00468989673852
0.00401148186143
-0.00468967429025
0.00426484523488
-0.00474988676567
0.00427853341351
0.00474887703666
0.00398774425846
0.00468993003278
0.0042646880633
0.00474901635403
0.00437909209129
0.00474891000348
0.00392741183689
-0.00474924153232
0.00383021963848
-0.0047493831165
0.00401829912652
-0.00474900927643
0.00399651164699
-0.00474933145442
0.00433490676663
0.00468969575396
0.00396295870036
0.0047491262914
0.0038390749249
0.00474936652268
0.00397782004803
0.00474915610741
0.00357075913825
0.00469052907188
0.00386688870937
-0.00469005768247
0.0036468950301
0.00474897291251
0.00350970539381
0.00469069292201
0.00351899785189
-0.00468980966714
0.00327538437676
0.00469022263036
0.00321741862973
-0.00468976045615
0.00342109212394
0.00474919364478
0.00333820585556
-0.00469036898401
0.00356559158256
-0.00474820780954
0.00364654544638
0.00474942692937
0.00350862764024
-0.00474856419884
0.00307122123285
0.0046908749169
0.00305303422527
-0.00468942254423
0.00297386757389
-0.00474891054851
0.00320603085903
0.00469110838723
0.00325483884958
-0.00469056873994
0.00320865653457
0.00474920410024
0.00313488319438
0.00469069339442
0.00311711413601
0.00469043902699
0.0028277233842
0.00469100772033
0.00279701084188
-0.00469071924791
0.00283889316653
0.00474865185111
0.00282446658591
0.00474887653826
0.0028664743857
-0.00469036017515
0.00283818844051
0.004748129917
0.00277599883532
0.00474848382631
0.00259896065157
-0.00469099467203
0.00265062810648
0.00474852106815
0.00253598633378
-0.00474869093839
0.00267119500518
-0.00474817651948
0.00266323096495
-0.00474826246912
0.00239275770029
0.0047476369028
0.00251667065694
-0.00474823724711
0.00239684296408
-0.00474810784081
0.00208121363913
-0.00474870597681
0.00265609260347
-0.00474834667575
0.00217254977076
-0.00469114259399
0.00265332954111
0.00469085585609
0.0027337566719
-0.00474862050519
0.00207754104302
-0.00474811951
0.00219601639066
-0.00469182035202
0.00211326962005
-0.00469107643504
0.00221309728905
-0.00469159184631
0.00192316488091
-0.0047485474312
0.00187764769233
-0.00474724511557
0.00174001578927
0.00469086495946
0.00235824054047
-0.00469109879464
0.00210816440017
0.00474761151099
0.001660249924
0.00469200334506
0.00176594260417
-0.00468990922176
0.0022867074943
0.00469106298068
0.00156395684591
0.00468995706414
0.00170140515131
-0.00469192713413
0.00184562763767
0.00474734873616
0.00147675687297
0.00474807246902
0.00136958313005
-0.00469160102649
0.00188845172961
-0.00469173785181
0.00177559682625
0.00474721709681
0.00140452901014
-0.00474766068199
0.00202856681193
-0.00469111411618
0.00139215279215
0.00474783037909
0.00147625991923
-0.00474730303459
0.00174829735917
-0.00474711272647
0.00134022403004
0.00469226152582
0.00117354535704
0.00469220824565
0.00172576082076
-0.00469142762719
0.00169795986734
-0.00474658293749
0.00134172284604
0.00474763559307
0.00145431796759
0.0047468749873
0.00182569623898
0.00469227013297
0.00130662367524
-0.00474675115128
0.0014057556179
0.00469205586405
0.000973229048133
0.00474725594354
0.00134758862643
0.00474745943033
0.00141728732036
0.00474690822404
0.00104285332329
-0.00474649723666
0.00146854908918
0.00469473558492
0.00121963197124
0.00468954276934
0.00115927373867
0.00469254663034
0.00117931928954
-0.00469253365225
0.00059996501212
-0.00474767271795
0.00085939513407
0.00474754386008
0.00117933758898
0.00474751314823
0.000826069919473
-0.00469087089286
0.00142418885728
-0.00469276344905
0.000723250773058
0.00474682489306
0.00109565897905
0.00469251917832
0.000523042531897
0.0046905464359
0.000883756406811
-0.00469159948984
0.000844630738477
0.00469238077573
0.0015063976701
0.00474606606414
0.000919298864701
0.00474692522627
0.000443465307327
0.00474631362453
0.000436169268727
0.00474594493262
0.000641827034146
-0.00474652310021
0.001192182517
-0.00474690299577
0.000924314050148
-0.00469272059985
0.000570416161695
-0.00474630311783
0.000132446652315
-0.00469313767292
0.000865240600865
-0.00469323259727
0.000511010134782
-0.00469317701097
0.00101719470802
-0.00469326632736
0.00029458679306
0.00469307258632
0.000522495954635
-0.00474549542587
0.000850467306283
-0.00474670267545
0.000488167658576
-0.00469281264277
0.000723086245935
0.00474659077777
0.000296230142768
-0.00469329623665
0.000287819861355
-0.0046926745076
0.000719432373316
-0.00474580388103
0.000286031724425
0.0047455623217
0.000397541039723
-0.00469315985611
0.000431246575688
0.0047453943083
0.000330469105101
0.00474587189143
0.000152008074187
-0.00474492107185
0.000148072836579
0.00474575921179
0.00018512768597
0.00474509221616
0.000159226695914
-0.00474548917763
0.000493053983391
0.00474539447853
0.000214164607523
-0.00469386570869
0.000263469072511
-0.00469367517592
1.51418279806e-05
-0.00474511985537
4.50959530961e-05
0.00474477995702
0.000266194401093
0.00469378661595
6.95081450798e-06
0.00474462008246
0.000404863237369
-0.00474507606913
-7.44303257602e-05
0.0046935638184
0.000424178125766
-0.00474556168637
7.888413938e-05
0.00474515488132
0.000266379551432
0.00474485244486
6.9210047213e-05
0.00474486663329
-0.00010632443724
0.0046943242853
5.27448072555e-06
0.00474488666048
0.000268413095381
-0.00474508551534
-0.00014856050209
0.00469413029386
4.63512927904e-06
-0.0046943117225
0.000232194009775
0.00469414711839
0.000219107209678
0.00469485597551
-0.000109497753801
0.00469438124895
0.000272022107813
0.00469404091167
-0.000222072796333
0.00474658313354
0.000237844887811
0.00474392214565
0.000422895279453
-0.00469441083595
0.000167259575033
-0.00469409322307
-0.000386215139225
-0.00474368277464
0.000166465391719
-0.00474375904469
-0.000204159678915
0.0046926020709
0.0004993643654
0.00469622188257
-0.000262540744741
-0.00469525431722
0.000173901003305
0.00469530211211
-0.000381654820562
0.00469437816166
-1.25643478294e-05
-0.00474411651875
0.000163815152479
0.00474451558341
-0.000185611143389
-0.00469427120706
3.65460017841e-05
-0.00469436155928
-0.000348701570427
-0.00474415416738
-1.83265254246e-05
-0.00474388221089
3.19961123714e-05
0.00474400093777
-0.000129060968107
-0.00469447625186
2.8414376256e-05
0.00474417443435
-0.000195687575529
0.00474368324195
-0.000121433348244
-0.00469436033915
0.000107459542697
