-0.00471955549064
3.51914008925e-05
0.00471975559287
-4.82111788468e-06
0.00471971104366
7.2521706667e-05
-0.00471915255647
-0.00010913535867
-0.00471915329199
-0.000118392473491
0.00471970163999
8.38544227735e-05
-0.0017918816159
-0.648368007749
-0.00804888617261
0.0691506242651
-0.00128568233249
0.0327764772155
-0.00531626790547
-0.154232844705
-0.00471545700602
-1.31405285284
0.00132666519348
-0.939073390747
-0.0017147091757
1.30857455738
-0.00586354901979
0.392435601937
-0.00420015830928
-0.340751148377
-0.00443523467397
-0.22720008542
-0.001602987295
-0.600908436645
-0.000810186527531
2.80895144562
0.00152490667032
2.45839625144
-0.00291088013263
-0.465529328978
-0.00644434125119
-0.688908507752
0.00118945553119
3.63864376464
0.00150620478985
3.29168874687
-0.0055240181432
-0.489041711009
-0.00140191608149
0.218843826527
0.00259994585173
-0.0687609522026
0.00136719480519
1.35457634236
-0.00381800179657
0.0275096179081
-0.00758669015735
-0.482579099114
-0.00152251558391
-0.0822818066242
-0.00898244115565
-0.451904361761
-0.000652047675516
-0.668377621285
-0.00146037634141
-0.454458702159
0.000267601468333
-0.416894424538
4.12673117741e-05
-0.319473735558
-0.00314217015892
-0.588089128137
-0.00512407793525
-0.668534545658
-0.00534156126975
-0.450546551329
0.00394627347324
-0.264277566519
-0.00847736934585
-0.188219045216
-0.00433361872414
-0.0447993334088
-0.00304953215392
0.00343769496663
-0.00169124090924
0.0423449298553
0.00137118933229
0.306362294378
-0.00188789891877
0.333772693258
0.00259142449681
0.341847853775
0.0014716055189
0.176570049614
0.00310686021148
-0.0203517054996
-0.00515496417418
-0.106493314831
-0.00230965409502
-0.183165449466
0.00393042158331
-0.277849760232
-0.00470076656185
-0.514356123503
-0.00198856803445
-0.223704780438
-0.00376888731008
-0.228314527415
0.00036311200423
-0.0808336282654
0.00437325610607
-0.0599102127893
-0.0015985052072
-0.232641229522
-0.0110480573828
-0.223520898787
0.000934885009374
0.0433523681896
-0.000558350612411
0.0153711111463
-0.00867018758476
0.320830817111
-0.00232082617519
0.100194148089
-0.00180618661848
0.20473179989
-0.000360720840584
0.160651641262
-0.00156398240734
-0.0366918691417
-0.00773586842773
-0.0542570722025
-0.00609218990317
-0.265152164992
-0.000253261251311
-0.127900456175
-0.00137938579405
-0.0246212041748
2.21119015113e-05
0.131231630833
-0.00299070428248
0.0988180290612
0.00186972972129
0.0897594721313
-0.00189797035003
0.114710142779
6.64320565416e-05
0.109481985833
0.00479295879581
0.154521723976
-0.0068427631654
-0.0422120821811
-0.00322739928971
-0.203529240973
0.000399484765263
-0.132918448675
0.00480302745844
-0.125871399861
-0.00772025145899
-0.0312074110962
0.0031045463647
-0.00848675536551
0.000494394574815
-0.138365322032
-0.00585174606298
-0.0630630075781
-0.00231896976351
0.0305376492314
-0.00304370820878
0.123711015735
-0.00463254709876
0.100321269835
-0.00241988144317
0.115037977541
0.00131787570022
-0.0323858596696
-0.00472634836244
0.0145065749604
0.00120990006821
-0.0588325494607
-0.000983277533978
-0.0720993496869
-0.00181387766512
-0.123601742894
0.00144780710641
-0.0809779493796
0.00185464028695
-0.106811541997
-0.0076974422504
-0.0352938733532
-0.000104312678715
0.0170864292864
-0.006674471493
-0.0447268438941
0.000518549701133
0.0262669877845
-0.00189040418052
-0.00812652528437
0.00117394938168
0.120659285103
0.00231353524558
0.0293836574221
-0.00670627400469
0.008860105155
-0.000600234600938
0.0319134358725
0.00264470305004
-0.0629563585469
0.000160716747856
-0.08255102166
0.000348255390375
-0.043005080822
-0.00153416327078
-0.031541824268
0.00254879985404
-0.0312467413175
-0.000801198716028
-0.00167814653319
0.000589947095043
0.00992338673562
0.000635214427333
-0.0221813750495
-0.00260355810512
-0.0297504892205
-0.00648979064383
-0.0296441444512
0.00227962185631
-0.057855190899
-0.00930272579066
-0.106202127574
-0.00162130107175
-0.0764376126813
-0.00778654420079
-0.0865102531792
-0.000314925657679
-0.060627909952
-0.00162052376415
-0.0508792204925
-0.000939296728693
-0.0191763885131
-0.00210939392313
-0.0378814587438
0.00148113152208
-0.0349486258647
0.00294664755514
-0.0356090805277
-0.00819970267002
-0.057520876764
0.000709437203199
-0.057363717766
-0.00245946370362
-0.073148386574
-0.00163084822149
-0.0945706144072
0.00522274977761
-0.100304853445
-0.000269111123132
-0.0841079231941
9.46585316092e-06
-0.0578228308735
-0.0127695287975
-0.0594009217021
-0.00651980459443
-0.0606846796638
-0.00175538687076
-0.054602689452
-0.0194496203198
-0.0604199955951
-0.000821107198047
-0.0578245452597
0.00199772882015
-0.0746188602091
-0.00803224767239
-0.0993001737132
-0.00100564508116
-0.102634041754
-0.000820730271619
-0.0954312474536
-0.00913538792497
-0.0761065062623
-0.00988061502211
-0.0466857303416
-0.010854164525
-0.0730494435414
0.00224380610285
-0.0740848570173
-0.00943013286885
-0.0759674639029
0.00505751312423
-0.0849296607316
0.00530667224476
-0.0834934285929
-0.000788655017738
-0.089264623495
-0.00135841143268
-0.0775952348701
-0.00149505746486
-0.0631147035189
0.00172967471841
-0.0705679408645
-0.00736017607513
-0.0710926977438
-0.00457527875311
-0.0755768459023
-0.00353304846088
-0.0874740365963
0.000312498562684
-0.0834555712796
-0.000586604068732
-0.0849024524497
-0.00095455556364
-0.0886466565265
-0.00179347679819
-0.0732797397512
-0.0070684245656
-0.0780761537726
0.00338054617466
-0.0863333951815
-0.00862581184775
-0.086148102925
0.00420925526772
-0.0971388368528
-0.00683509083513
-0.0793747737083
0.00134346526348
-0.0800833202672
-0.00447161163521
-0.0846109865709
0.00398601148646
-0.0950169415444
-0.00535241590157
-0.0938223167772
-0.0050772971049
-0.0960212002656
0.00399368936119
-0.106258794571
-0.0044962184503
-0.101045366402
0.00447072329639
-0.101288714513
0.00718313005763
-0.0825760504574
0.0040469393667
-0.0797235946128
0.00388331430717
-0.0782984771021
-0.005320431217
-0.0820502770677
-0.00612836298671
-0.0909425008551
-0.00542618265894
-0.0923696726842
-0.00625421473897
-0.109704907324
-0.00014943532201
-0.102684580637
-0.0039484167954
-0.111888368421
-0.0141103877006
-0.0894606758497
-0.00397821411616
-0.0714085108532
0.00576633152989
-0.0900526087122
-0.00433979592997
-0.103492009761
-0.000927012222857
-0.104659544758
0.00279960694759
-0.105714539619
-0.00261777719992
-0.102120542512
-0.00894450919272
-0.0800344812234
-0.000854429870254
-0.087862547715
-0.00394886765373
-0.081647796846
-0.0023767686964
-0.11833947021
-0.00359559851772
-0.125177982468
-0.00438117428357
-0.10412280856
-0.000958529362766
-0.0947439912029
-0.0134290585468
-0.0994494146565
-0.00931785495861
-0.08228574652
-0.000122170309532
-0.104156589263
0.00494716070605
-0.0998751309356
0.00356121371551
-0.110668553245
-0.000532458192495
-0.116216356236
-0.000428351463571
-0.11070371096
-0.000807169276893
-0.105489458339
-0.000106382329909
-0.110688045369
-0.000394748818781
-0.108404541392
0.00414129240936
-0.110583871504
-0.000830463940706
-0.102595525286
0.000405049466178
-0.0972487757891
-0.00363851945191
-0.094225213398
-0.0295300349476
-0.107625989496
0.00355510913879
-0.103682377336
-0.000853255432539
-0.0966245901138
-0.000447354141228
-0.105775625822
-0.00413847780506
-0.125098735037
0.00391488833467
-0.121526328874
0.00539165958295
-0.11928242419
-0.00270279885282
-0.107678447121
-0.00492680257597
-0.0940398640613
0.00581202116389
-0.0992255914052
0.00474445270252
-0.107977271848
0.00400089723576
-0.114617079178
-0.0023482297458
-0.117115179349
-0.00178763084115
-0.121252734048
-8.55222042966e-05
-0.109806451067
0.00548758224049
-0.125206961425
-0.0035916931911
-0.115630160632
0.00666078371327
-0.112918417291
-0.00807880318713
-0.104909384647
-0.00742516986777
-0.106094276605
-0.00485959671838
-0.0959065951581
-0.00120298682098
-0.102885497167
-0.00686569231942
-0.110002527404
-0.010666705643
-0.129075949794
1.47267438577e-05
-0.106166289478
-0.00508298122701
-0.116304642457
-0.00535858979099
-0.110838590893
0.00354388685056
-0.122763452021
0.00328301650859
-0.129525540057
0.0036378366558
-0.116856587574
0.00224716808916
-0.115182197228
-0.00148449907642
-0.116978664413
0.00567991478432
-0.124388255859
-0.00813271626335
-0.126910640085
0.00128034760015
-0.137760543421
0.000587564573809
-0.131707963903
-0.00938096603951
-0.148557646407
0.00441960975645
-0.140913210187
0.00330357735159
-0.133371305433
-0.00850665166354
-0.126665546221
-0.00112913628607
-0.121714271884
-0.00327968961955
-0.108065775895
-0.00493135749809
-0.0954560493833
0.00361707029808
-0.115267108942
-0.0020400347499
-0.124215663527
0.00498996133862
-0.146629817232
-0.0075503288307
-0.137499813935
-0.00770688244058
-0.13826397084
-0.00468829223684
-0.149289998251
0.000817638652865
-0.136577331253
0.000475439058452
-0.124133626053
0.00137803042383
-0.100572002734
0.00496702466613
-0.10728014345
-0.00573152261648
-0.106166298031
-0.0020767923219
-0.132993339123
-0.00103018596855
-0.131796714793
0.00423159893413
-0.158215402989
0.00104455221858
-0.159061459522
-0.0011775802605
-0.141131617021
-0.000597770832471
-0.136985292575
-0.00895729829738
-0.135662715113
-0.012911743163
-0.125668664231
-0.00811808850026
-0.114454512988
-0.00414534732255
-0.126469873545
0.00426743115853
-0.136421929672
0.00403518964117
-0.145750159727
-0.0054673365119
-0.149113849161
0.00393731788306
-0.152820841288
-0.00505567817052
-0.147466328835
-0.00513915659015
-0.146399593032
-0.00609431705704
-0.142968587298
-0.000384218207805
-0.141985791722
-0.00667692789763
-0.134308938527
-0.00427092086575
-0.144578483751
-0.00531811971853
-0.152509936237
-0.00589162791656
-0.128982226713
0.00335256888477
-0.160783471083
-0.00587786999445
-0.141969665644
-0.00609392877953
-0.147556359826
-0.00515234556527
-0.12727435073
-0.000826573841419
-0.136719998528
0.00423576535174
-0.142197132613
0.0031361507259
-0.147766266894
-0.00471593880311
-0.162402173831
-0.00595003884013
-0.150153047575
-0.00743117127175
-0.15162463874
0.00459834749189
-0.168389501175
-0.00496022278869
-0.167152998012
-0.00535864782793
-0.160419404243
0.00369617730336
-0.153295755346
-0.00802339035132
-0.134336540647
-9.34027345076e-06
-0.122973936749
-0.00642697175379
-0.127357726395
-0.00711735622294
-0.147075067522
-0.00522202336461
-0.14137658077
-0.00122310768123
-0.15440136287
-0.00572211178152
-0.146052445812
-0.00806026364749
-0.146471483395
-0.00376608114428
-0.169234527357
-0.00149606149828
-0.161850881342
-0.00223917435598
-0.139034575055
0.000243278777702
-0.153972492519
-0.00400337114345
-0.160732620787
0.000717042753141
-0.159952512608
-0.0081791903099
-0.153142702512
-0.00466536474241
-0.174991289969
0.000259879106073
-0.175391078428
-0.000642324482388
-0.162098059304
-0.000372863999271
-0.17131545189
-0.00481667755559
-0.161877357617
-0.00816276473849
-0.153013269456
-4.43445540889e-05
-0.137973696676
-0.00166773935016
-0.131221170303
-0.00561644551923
-0.148036956799
0.00400853159798
-0.163023261194
0.00352904756008
-0.172098496652
-0.00994337581309
-0.175433793909
-0.0118844703506
-0.184321544978
-0.0107238295042
-0.194914651665
0.00416985030013
-0.194684716081
0.00364211598135
-0.186385428939
0.00573864443247
-0.154187941832
-0.0110057425536
-0.138101583156
0.00465411146084
-0.139281596479
0.000397422715664
-0.134139512447
-0.00301130851662
-0.175123715469
0.00200898845222
-0.187295738905
-0.00889474991314
-0.165893562445
-0.00981325009049
-0.206866764073
-0.00982896055683
-0.192454243967
-0.00432405666911
-0.164130387337
-0.00423196581149
-0.152246679869
-0.00348526487309
-0.166330779608
-0.00789237292412
-0.166090835111
0.00266615929596
-0.182621447129
0.00290920839116
-0.189087634036
-0.00393367439744
-0.201872606759
0.000100424665227
-0.183448329933
-0.00451966080252
-0.215964685703
-0.00172251261128
-0.213502683293
-0.000494252947249
-0.210467717705
0.000559213733421
-0.180139149598
-0.00742947455644
-0.156662922356
-0.00246328353043
-0.150807977073
0.00532340967215
-0.170501516226
-0.000484147158938
-0.166224159713
-0.00700411048114
-0.184106978287
0.00289830873197
-0.183020015717
0.00234792414131
-0.173989772512
-0.00696674210256
-0.209579270964
0.00307670775125
-0.212741313759
-0.00187438437761
-0.204257211096
0.00147051924336
-0.169940933286
0.00063078609153
-0.203527185909
-0.00429440164467
-0.209805336282
-0.00451840116715
-0.20281621089
-0.00784652746197
-0.183822749588
-0.00659015701216
-0.190645193856
-0.0041128863941
-0.219517444287
0.00159962442953
-0.20749921556
-0.00446792915576
-0.219349599487
-0.00292337148415
-0.227337448258
0.00107543806575
-0.198442399276
0.00329896059132
-0.230542746558
-0.00810128080695
-0.210776877687
-0.00542738363839
-0.170487973634
-0.00239460319202
-0.191405564212
-0.00762368233157
-0.184364870724
-0.00351421076535
-0.19754501923
0.000714682398984
-0.204144694335
-0.00487341780787
-0.206715577661
0.00320945512569
-0.220668065613
-0.00139491600659
-0.245335869293
0.00037452257974
-0.251564173298
-0.00157334577017
-0.237537218485
-0.00988893307439
-0.217220547056
5.32373764286e-05
-0.219890815893
-0.00437303243269
-0.232213529246
-0.00592136843353
-0.221517279552
-0.00888007847725
-0.189972848139
-0.00143668899801
-0.185670294128
0.00436923997639
-0.200563961884
-0.00685267905394
-0.201815472118
0.00471460938207
-0.227514247035
-0.0091374125963
-0.231023600848
0.000734069565393
-0.239355904734
0.00120494486577
-0.235052285762
-0.0124861706007
-0.232736899152
-0.00216145610789
-0.239884090672
-0.0051880709962
-0.216720133598
0.000324302909954
-0.214225834378
-0.000579136190368
-0.209447989855
-0.00909890193162
-0.225199892074
-0.0145026293334
-0.206844183235
0.00467416545474
-0.242223294163
0.00296144510344
-0.212389972792
-0.00146746680102
-0.229698886001
-0.00794356275249
-0.231537970311
0.00398762214707
-0.262388565754
0.00317211584464
-0.259602993953
-0.000513402185965
-0.25489511789
-0.0138321367228
-0.223916106499
0.000226639636308
-0.234500044283
-0.00496884515924
-0.228790204418
8.55183415366e-05
-0.238004491667
-0.00441007158655
-0.2402351309
-0.00746804042574
-0.244404997946
-0.000546724295264
-0.251056552536
0.00379019453119
-0.252902356342
-0.00747822687395
-0.220264440072
-0.0019768311402
-0.265964492974
-0.000175667072805
-0.274860077635
-0.0016156709398
-0.251995624072
-0.00212101532031
-0.258317469194
0.00454105392248
-0.252345672204
-0.00265720076927
-0.234737221866
0.000601557352707
-0.24685106142
-0.000215995845011
-0.260956989994
-8.31607642124e-05
-0.268826970753
0.004152129043
-0.270133157584
0.00277686170524
-0.26779767427
-0.000707484589057
-0.241627963277
-6.00667633576e-05
-0.255064585208
0.00530534671081
-0.280443753785
-0.00899174217652
-0.225490452498
-0.0022394059669
-0.263234567588
-0.00254562144889
-0.271136795712
-0.00101465908065
-0.28709855903
-0.006661211321
-0.252082715426
0.00155802009037
-0.26949054689
-0.00846900669961
-0.248717096669
0.000352075705024
-0.279622639759
-0.0113951068215
-0.265260097038
-0.00313458490844
-0.216584980087
-0.00570825564151
-0.283219666343
-0.00848981183913
-0.274884501429
0.00284213584597
-0.286659361389
0.00120742476013
-0.266816169707
-0.00769178845482
-0.265549062855
-0.00113668493
-0.284760639664
-0.0010182697725
-0.293782782531
-0.0146242414045
-0.291669820241
-0.00697651077703
-0.285390328892
0.00101033901823
-0.287920693914
-0.00203884422163
-0.292685773432
-0.00760424321587
-0.287043858162
-0.00179266523981
-0.283816462174
0.00373762078017
-0.298168670728
0.00290711956558
-0.311776499964
-0.00908810756813
-0.269743757946
0.00187933334968
-0.287407889361
-0.00741494056087
-0.204858978484
0.00132727856573
-0.281889299213
0.000281478615312
-0.276903961204
-0.00127610062262
-0.327546328561
0.00253072406103
-0.355604650681
-0.00118912963002
-0.255498193285
-0.00883298859258
-0.263896208049
-0.00761027793415
-0.292852907516
0.00293632460287
-0.283509774928
-0.00379154941758
-0.312799890982
-0.00089292452074
-0.313526518804
-0.00215247632455
-0.296668630469
0.00344726850899
-0.33560283086
-0.00682543686375
-0.319191872311
0.00455858142837
-0.344608622875
-0.000947093829261
-0.316050832357
-0.000762935931809
-0.337843025795
0.00327825619216
-0.298693888839
-0.00405691421654
-0.321159926709
-0.00795981314045
-0.323203713173
0.000658739289527
-0.341117309025
-0.000993114048031
-0.32919479812
-0.0124722014299
-0.334306312832
0.00467735659499
-0.343621659637
-0.010092757241
-0.320086603451
0.00266736795243
-0.328653295621
-0.0015877311966
-0.351919587966
-0.000151081529598
-0.328301757411
0.00388420512886
-0.370709022318
0.00183471915001
-0.328106381209
-0.00221181094444
-0.341033566627
0.00218889201954
-0.313452065401
0.00105038283318
-0.380265972531
-0.00883549992089
-0.351479677766
-0.00320707715013
-0.342454021963
0.0025569478848
-0.344945914386
0.00660657370624
-0.374930030311
0.00126601554992
-0.365439191338
-0.00162255216226
-0.332176857291
-0.0073951844055
-0.349406195724
0.00251356047951
-0.398339230507
0.00309234883495
-0.377310467284
0.000303642303731
-0.404477985351
-0.0015616289008
-0.340690002396
0.000154085479105
-0.396784098709
0.000431355883848
-0.398363097158
-0.00075120294095
-0.347435514576
-0.00105840682198
-0.332766598503
0.000621319576267
-0.327429461407
-0.00279132614136
-0.390346767476
-0.00424505654478
-0.400508375936
-0.000459292030259
-0.432197691395
-0.000244183515287
-0.402440274807
0.00201944879409
-0.377311156315
0.00116579697735
-0.355450404393
-0.00333818694283
-0.389789492258
0.00320878524166
-0.446929725175
0.000886674225076
-0.302281079433
0.00301937111525
-0.40076197487
4.17626550826e-05
-0.469340697042
-0.0142329280079
-0.388454820003
-0.00230781980696
-0.440850246885
0.00206784143145
-0.446628046009
-0.00492030048978
-0.415687650906
0.00302373334983
-0.419847325225
-0.000188352543679
-0.397980929933
0.0010147904468
-0.362693588299
0.000996119401346
-0.384090471079
-0.00187234169691
-0.352295612088
0.00176467762027
-0.404490755364
0.00218591426345
-0.388532480136
-0.00271797484847
-0.408288670575
-0.0022306279856
-0.418340105887
-0.00739499012635
-0.402488641235
-0.000426275074523
-0.448676846503
0.000450913061256
-0.432353058606
0.000646641702938
-0.431511800708
-0.0015191417338
-0.434414179748
0.00115112855414
-0.406167207486
-0.00340239728724
-0.508956155405
-0.00166091002918
-0.384333175688
0.00415132716745
-0.458269045466
0.00179459076282
-0.505803913163
0.00534851721177
-0.503926167987
0.000400172851447
-0.473699433087
0.00157241335684
-0.490862896814
-0.000861075950111
-0.416120786584
0.00133206617828
-0.412115427179
0.000631253249305
-0.414381399985
0.001056257821
-0.445168436241
-0.000447163595704
-0.493004989525
-0.00139609816592
-0.438328243762
0.00193885791972
-0.547051590715
1.83258033816e-05
-0.469133315981
1.02263815165e-05
-0.435345117429
-0.00801848440303
-0.46071643019
0.00327052316088
-0.552186576603
-0.00110139890711
-0.400569303217
-0.00791107219558
-0.348931720764
0.00398896865259
-0.507748336969
0.00221259112615
-0.450090926665
0.00276915789851
-0.492926375617
0.00156080242038
-0.470101027864
0.00166009475823
-0.475885273107
0.000405321617908
-0.43123108729
-0.00451816974909
-0.433592110844
-0.00126488251421
-0.474808661348
0.00044469450236
-0.471726059092
0.000864761650836
-0.505388003027
-0.000595330867349
-0.48711310806
-0.00208618560386
-0.519830597997
-0.00161590507398
-0.494142787567
0.000432082428963
-0.506378595599
-0.00145324683881
-0.48233217703
0.0024745497623
-0.505194479658
0.000523072139917
-0.517008070422
-0.0054186606109
-0.544380676552
0.00172412486426
-0.444230156485
-0.00111513771829
-0.468398732576
1.31844802925e-05
-0.457586118622
0.000870431150867
-0.457594486641
0.00121387987718
-0.476149460067
0.000511039079063
-0.488695055412
-0.00146379249702
-0.509418819543
-0.000936645872784
-0.495299693816
0.00275988939242
-0.50957360547
0.00194285006306
-0.545254145287
0.00100629992237
-0.48576060131
-0.00147781582387
-0.477303998275
-0.00224951963695
-0.546496530379
-0.000121778872988
-0.525734760792
-0.00139577722838
-0.50594415295
0.00471670746169
-0.519960432883
-0.00973972614542
-0.543485304241
0.00305197362124
-0.518874914816
-0.007062421166
-0.491030140044
-7.06883712858e-05
-0.531522766341
-0.00985344604587
-0.531684239025
-1.85288870584e-05
-0.580674870145
-0.00812038763852
-0.603438993811
0.00325455512395
-0.501432641445
-0.00831240600197
-0.490048322238
0.00101485233107
-0.446543289299
0.00143559290361
-0.493119863125
0.000911930919963
-0.50065257352
-0.000337127052077
-0.482458625943
0.00312668894858
-0.54426608922
-0.00193776184157
-0.577362790747
0.0031416510619
-0.580091956283
-3.42525916144e-05
-0.56662269804
0.000797408785771
-0.518773871789
-0.00562257575865
-0.57216881705
-0.00436568465583
-0.60950605054
0.00332923485766
-0.557048663547
-0.00782101284995
-0.520497196745
0.00247756456094
-0.602867906445
-0.000633450915475
-0.544577559482
0.00226999976627
-0.512218571618
0.000549542776605
-0.514843400684
-0.00147406471469
-0.519879139307
-0.00067670329429
-0.580584229895
-0.0132601064266
-0.519838912831
-0.000301810731422
-0.506776249396
0.000743387381945
-0.513392882651
0.00313547068814
-0.568721204213
-0.0104834863699
-0.513615924425
0.00257803377648
-0.564051902687
-0.000404541261213
-0.563421279404
-0.00174762874922
-0.569529849096
-0.0063803836948
-0.585656378819
-0.00694044666512
-0.620459541453
-0.00445436389665
-0.581313410568
-0.002818362172
-0.584913437188
1.50267137396e-05
-0.547971860249
-0.00124083470405
-0.556172418675
-0.0086996165904
-0.483416802887
0.00279912537929
-0.502412777682
-0.000518947396687
-0.534255801311
0.000295331390988
-0.550707058457
-0.00126490775362
-0.534658625066
-0.00759761966942
-0.503976620396
0.00259246239938
-0.574665094825
-0.00232364499793
-0.534782673094
-0.00687819351981
-0.580467434531
-0.000932122337131
-0.574532239034
-0.00633653688607
-0.554926779869
-0.00616625884902
-0.570966149253
0.00429951746524
-0.55785867182
-0.000206415761481
-0.554168108284
0.0036004830515
-0.586187354535
-0.0024954116208
-0.545442298343
-0.00102848343214
-0.577387675868
-0.00029434486323
-0.567714401757
-0.00907041405095
-0.572518261614
0.00341023096805
-0.57570583872
-0.00139125860185
-0.524101142945
0.0028580650977
-0.53388448674
0.00285346780668
-0.539653663152
0.00172505143409
-0.56938544712
-0.00298301630232
-0.575708435139
8.58024297482e-05
-0.60010739274
-0.0102849354208
-0.581053146075
-0.00568297564815
-0.541755623696
0.00362843800039
-0.567318486442
0.00174903403494
-0.516607370695
0.000474991352131
-0.544988890688
-9.53263142016e-05
-0.557913154896
-0.00136031544276
-0.564015507113
-0.000791171132475
-0.567838045039
0.00299158862816
-0.560011457442
0.00279309928664
-0.570971129519
0.00151339703927
-0.57384197591
-0.0056200909272
-0.562163998977
-0.00388934416689
-0.564453926985
-0.000752926978813
-0.534637795982
-0.0168875902842
-0.542158713634
0.000101838283696
-0.576430943484
0.00155613755185
-0.564478165588
-0.0052556966017
-0.560192899947
-0.000529036677725
-0.538801074539
-1.4546719835e-06
-0.542962378873
0.00273003611357
-0.540712133395
0.000531468947374
-0.546092843205
0.000173883965819
-0.568285295192
-0.00242887043085
-0.57681556099
0.000936426527826
-0.55012575691
0.00317499717328
-0.578769782332
0.000831135938583
-0.555818222173
-0.00165641174372
-0.560976145184
-0.00164622273221
-0.524068300947
-0.00899508887032
-0.505413839626
0.00145981188118
-0.568871659525
0.00339229198846
-0.568440656431
-0.00206401406402
-0.550166204197
-0.00451988926633
-0.584761454733
-0.00932055168795
-0.59240040409
0.00301818020598
-0.517816854019
0.00276608180342
-0.567583000711
0.00203589202209
-0.544814023111
0.000607960460641
-0.551025505398
0.00313977297392
-0.530344698066
-0.00172558594965
-0.525948557258
-0.00442903894848
-0.56165655325
-0.00644045154033
-0.571501324848
0.00354247994991
-0.570197668812
0.00236446477398
-0.540194023029
0.000160434830082
-0.542680431576
0.000476660078169
-0.543272447869
-0.0104248272945
-0.488993373902
-0.00669023014294
-0.529954590584
-0.00946519768353
-0.525466386053
6.46777617299e-05
-0.523207027501
0.00233764982589
-0.564527631474
-0.00205846152442
-0.542663480869
0.000764066951706
-0.54961164607
0.00246336037023
-0.55960880801
-0.00192288347823
-0.503714201476
0.000833313893626
-0.537225525995
-0.00147254093646
-0.534126851046
-0.000231192471049
-0.545608082781
-0.00826194610958
-0.541488377499
-0.0142689584372
-0.497275020735
-0.0017855844095
-0.567574333922
-0.00830647030043
-0.565690565214
-0.00780092510658
-0.498526574057
0.00165572059137
-0.502756254962
-0.00011732981032
-0.550838025504
0.00314754829449
-0.537663752414
-0.00260573073427
-0.525176597977
-0.00899402248677
-0.480835169651
0.00025952390596
-0.543562172367
-0.00498339377144
-0.529000424373
-0.00184568976259
-0.554796670832
0.0028676692724
-0.582609872097
-0.00294309132294
-0.52659895122
-0.00462152439507
-0.525687636686
-0.00150321682802
-0.51885044298
-0.00680145128075
-0.495450325921
0.000631487342175
-0.543404355894
0.00236538366283
-0.566550005071
-0.000255071357484
-0.538034424909
0.00268877736013
-0.53939889978
-0.000392475205013
-0.473964893028
-0.00730047388997
-0.463415623386
-0.00134193275509
-0.524937043469
0.00292489587889
-0.561721298386
-0.00844816407972
-0.455268630676
-0.00176072796006
-0.454973613294
-0.00683757185631
-0.49271709938
-0.00683757185631
-0.49271709938
-0.00291539441005
-0.541236489533
-0.00318192452073
-0.525036278453
-0.00318192452073
-0.525036278453
-0.0100561239771
-0.470462708226
0.00247725809502
-0.547968356159
-0.00102013246093
-0.462720707423
-0.00102096281283
-0.572433405407
-0.000650974194712
-0.491619024737
9.86643814812e-05
-0.482401977933
0.00379716622206
-0.512779985218
-0.00778299451084
-0.462371043626
-0.00646632975297
-0.487995420101
-0.00430665755049
-0.453835586476
-0.00315120907705
-0.543648338723
-0.00938238819648
-0.502764902712
0.000930340356644
-0.494650279504
-0.00330827106498
-0.422665685177
-0.00122144799526
-0.444797985306
-7.76259554805e-05
-0.514284581419
-0.00194011443252
-0.493210889067
-0.00240406120847
-0.503617560503
0.000142149989072
-0.534900490265
-0.00814970897281
-0.488303695619
-0.00144314160181
-0.484075986939
0.00383636001944
-0.518001849271
0.00242622798306
-0.434552651999
0.00103718135014
-0.463134103982
-0.00463582568722
-0.446107149644
-0.000614516240395
-0.462262378245
-0.00932957201574
-0.419677172825
-0.00222199059769
-0.467155871041
-0.00899508669956
-0.437471555321
0.00114257865376
-0.460185701694
0.000515920569763
-0.41750853618
-0.00180839989938
-0.384524688414
-0.000247486748339
-0.490830874204
-0.0108604788642
-0.477556039952
-0.00169391742721
-0.506794877255
-0.00140399136364
-0.48544776145
-0.00121990081319
-0.463847928899
-0.00185019064386
-0.416516909845
0.00136116136605
-0.381099575026
-0.00172037074688
-0.366024172401
0.00115395635034
-0.400142392808
0.000198577589884
-0.408114866174
-0.00026230013419
-0.455313505675
0.00104620736564
-0.407478940239
0.00191935947119
-0.428638158715
-0.0101815563959
-0.372845390144
0.0027019528613
-0.414735306612
-0.00845318264271
-0.378852102788
0.00028922629776
-0.42171058565
0.00276606022342
-0.411321963274
-0.000171101067516
-0.428622756836
-0.00132591541527
-0.388783742503
-0.00494337899882
-0.468041092709
0.00226557963295
-0.394529162225
-0.00271383007471
-0.430874553958
-0.000926374817328
-0.380505823702
0.00321798114236
-0.400034996895
0.00128626227925
-0.355781149392
0.00274651488656
-0.394001035648
0.00123795948193
-0.377626566203
-0.000512052641839
-0.436022845946
-0.00143199698667
-0.367298050977
-0.00779413502652
-0.370025464129
0.000754125190853
-0.417312411665
0.00264210366806
-0.420759007389
-0.00386697868461
-0.397154779167
-0.00799756928524
-0.380711222521
-0.00155252471314
-0.364839991342
-0.00196439070766
-0.408767138817
0.00261358999931
-0.382492073063
-0.00861769634222
-0.342794255147
-0.00121862584461
-0.389383941301
0.0025721914983
-0.371121849481
-0.0064195462591
-0.381468491854
-0.00741146013013
-0.382911779998
-0.0067699786188
-0.358843955787
-0.009135631964
-0.347717871255
-0.00809425384682
-0.391292410098
0.00301627812851
-0.41951936444
0.00280327468651
-0.431795826751
-0.0136329033514
-0.416450902976
0.000645927539834
-0.29461281138
0.000914190477982
-0.384451127283
-0.00875490168598
-0.39737008066
-0.00839103331742
-0.356529077541
-6.09968421475e-05
-0.384259398763
0.00109791314999
-0.381969407742
0.000776941136381
-0.3714913583
0.000521607509861
-0.342276133997
-0.00841747411985
-0.346996513204
0.00127416231704
-0.377763898221
-0.00639118641173
-0.350387351833
-0.00169293299605
-0.369151068999
-0.0048089267649
-0.306241691942
-0.00142052692789
-0.361023785225
-1.8180596232e-05
-0.368771499514
-0.000642315285174
-0.344827316242
-0.0106098019884
-0.324352642729
0.0048257450701
-0.373013099816
-0.00706753770519
-0.33191616881
-0.000482126599449
-0.332692281263
-5.70416889636e-05
-0.361796997079
6.18507439035e-05
-0.377073459095
-0.00892682887506
-0.361448449692
-0.00306742479394
-0.35156599616
-0.0111802915061
-0.335349449998
0.000392112345981
-0.321868471145
-0.00648127071982
-0.313231104918
-0.00744622071504
-0.311263480939
-0.00173108739919
-0.32303106946
-0.0112928793468
-0.333833515413
0.00511896112419
-0.35988373156
0.00256859530277
-0.290280014673
-0.00740584615281
-0.286758022572
0.00344193396099
-0.309307603789
0.000962180741698
-0.298868262112
-0.000916138344825
-0.307898628155
-0.000160747559004
-0.263261800637
-0.0106214682683
-0.209588357879
0.00229654764698
-0.291212396186
-0.00781309320869
-0.305477763903
-0.00827245347241
-0.315448430314
0.00323921021467
-0.337048151065
-0.00833957186282
-0.280120063079
-0.00124693229297
-0.261324862504
0.00397556169026
-0.273904473315
-0.000994994120511
-0.297663316198
0.00394062842697
-0.319303910983
-0.00336816671384
-0.301536399267
-0.000922515612006
-0.280855732605
-0.00202572823881
-0.260537320731
-0.00537203026064
-0.254477346171
-0.00635732367099
-0.283889323707
-0.00377387738249
-0.310002204761
-0.00134863918829
-0.322229563852
-0.00854082568043
-0.286178760175
-0.00641831436822
-0.279144748609
0.00374389640702
-0.281769193185
-0.000139849710138
-0.256524986489
-0.00314399328679
-0.27459262289
0.00194629267265
-0.275161856859
-0.000533528470595
-0.289257323686
0.000570449217545
-0.29180169925
-0.00234956196924
-0.277198382571
-0.00251622600439
-0.264914877899
-0.00660110437494
-0.255996089837
-0.00145472172729
-0.24518881599
-0.00932654315575
-0.24541773357
0.0014790500315
-0.229543843274
0.00220176210132
-0.220468499771
-0.00643772081617
-0.274445991128
-0.00697158850513
-0.27746941154
0.00351984358293
-0.307083788567
-0.00237876382107
-0.290118741153
0.000179895717958
-0.272273640448
-0.0102833668665
-0.247251438478
0.00251271734362
-0.227884230764
0.00414430830503
-0.238259054972
-0.00087201798001
-0.216740202516
-0.00237292297151
-0.245658226641
-0.000653599660803
-0.256304649659
0.00230854049276
-0.242267249352
-0.00107813143708
-0.262560953514
-0.00176793400498
-0.241343458046
0.000465680592111
-0.239407863444
-0.00742280717876
-0.241141658237
-0.00727488468806
-0.239205553448
-0.000176221870876
-0.210503289173
-0.00567143374649
-0.196826683717
-0.000772884283749
-0.245309216266
-0.00158489300632
-0.250481083586
0.00355896581937
-0.258644956188
-0.00131299083143
-0.20525946485
-0.00149523773644
-0.235219678136
-0.00249291448872
-0.207787818712
0.000325581299863
-0.224629986312
0.000215142886815
-0.227727939868
-0.000268003017569
-0.250953246732
-0.00400949753546
-0.254569319927
-0.0024703064693
-0.238558742979
-0.00331089538684
-0.217070032839
-0.000238092744763
-0.208626050777
-0.00704572175691
-0.198194332185
0.00427276228366
-0.223618244462
-0.0135410571621
-0.219112416868
-0.0101481077747
-0.217474029362
-0.00662413200724
-0.210568692097
-0.000736338911481
-0.210555835646
-0.000169985696151
-0.21007362113
-0.00358923561718
-0.214694635604
-0.000689676957842
-0.222098412972
0.00211182894033
-0.209173834727
-0.00711622174534
-0.169386938901
-0.00767374428106
-0.158810159429
-0.0041423009056
-0.167668771872
0.00389247972503
-0.179020892347
-0.00616736494115
-0.150167246247
-0.00676918251545
-0.14863278365
-0.00078238048059
-0.160120070671
0.00078489243086
-0.155116362025
-0.0117986121336
-0.140313746792
0.000416985818506
-0.149286086555
0.00328252698475
-0.123016557626
-0.000823045491206
-0.115240083262
0.00221987656306
-0.144346044195
-0.00499720446448
-0.0963665312362
-0.0134994909599
-0.15098404358
-0.00674209832294
-0.122672610061
-0.00298069240659
-0.128215736137
-0.00410440071845
-0.11791349714
0.00117675189981
-0.107870343444
-0.00498928548552
-0.075783167872
-0.000511501166482
-0.100391448845
-0.000122743362497
-0.106881068678
0.000154852751293
-0.0949462073621
-0.000427445245237
-0.111565571344
0.00386602404441
-0.117368878976
-0.00675603398609
-0.0921711019168
-0.00466636119444
-0.0955702794074
0.000557148564534
-0.091347691229
-0.00110204052647
-0.0717801972288
-0.00616142232713
-0.0799742083883
-0.00547876011375
-0.0885593824063
-0.00550855498443
-0.0864942275855
-0.00247542203831
-0.0758329552492
-0.0178815141714
-0.0708069577499
-0.00669141461475
-0.0567184588316
-0.00329235469118
-0.0559450101085
-0.00432325588469
-0.0627574850178
-0.00711378899456
-0.0504264289342
-0.00213849742941
-0.0606201391714
-0.000254556926545
-0.0531282897006
-0.00729586080423
-0.0604910176191
0.00423618993296
-0.0581908613795
-0.0131681365389
-0.05764750586
-0.00457489745618
-0.0584509153456
-0.0104593512559
-0.0506235021448
0.00477747933497
-0.044454999745
-0.0042775366214
-0.0369867225031
-0.00531757234316
-0.0329616876798
-0.00535250298289
-0.0347375349301
-0.000123765977063
-0.0421671780605
-0.00837666734895
-0.0442687610097
-0.00331706381571
-0.0416570815764
-0.012500089801
-0.0397857121287
0.000584581028866
-0.0363502591957
-0.0104646807466
-0.0247272729084
-0.00789542696568
-0.0196226788127
-0.00958919102768
-0.0227966105325
-0.0125157743499
-0.0175840080607
-0.0106510595082
-0.0236240748645
-0.000877198854412
-0.0223708883261
0.000378884678705
-0.013999396598
0.00231545509296
-0.0133123605575
-0.0225607298232
-0.00310142377706
-0.00926601238815
0.000132931185109
-0.00139910506325
-0.0057558821744
-0.00362675876938
-0.00169033556651
0.00076015892776
-0.000796509985177
0.00478211296068
0.00352898088341
-0.00316327897614
0.00745513973941
-0.00527246092372
0.015391592821
-0.00269784764701
0.00908210921105
-0.00770411175092
0.0155515683596
-0.00641146056889
0.0212906375977
-0.0205033243167
0.0193091577499
-0.00325841330882
0.0227974734688
-0.00929087007209
0.0240876851567
-0.0138836725933
0.0216534345393
-0.00525666704308
0.00961871104609
-0.00689517900561
0.023863710651
-0.0147453227697
0.0236941675193
-0.00522071030853
0.0156990914106
-0.00737159462686
0.0311982872183
-0.00395035157196
0.0359734865784
-0.00398168548788
0.0369559740796
0.00447096282687
0.0396917932454
-0.00745282903986
0.0301879047927
0.00473653812244
0.0343507110548
0.00472102240397
0.0333863551924
-0.0047029300535
0.0343633044349
-0.00467711748499
0.0406903458691
-0.00473763150174
0.0452635749977
0.00470592478629
0.0483672444626
8.46447526741e-05
0.0514910424645
-0.00288135493058
0.0476132412369
-0.000903695776183
0.0544569733004
-0.00152672544332
0.052328437687
0.00298603657359
0.0554235174207
0.00178135788003
0.0467039520657
-0.00392872598814
0.0523613594699
0.00232969309481
0.0526961207805
-0.00548406553221
0.0671587619639
-0.00471593512693
0.0619733763375
-0.000689621202507
0.0614226711699
-0.00186959198664
0.057967763353
-0.00621752402062
0.0542211499037
0.000356038123703
0.0662849736376
-0.0101549027618
0.0676395172225
-0.0099155987005
0.083375099044
-0.00145970811847
0.0817541028063
0.00276579712273
0.0829784047852
-0.00751534940793
0.0818904910083
-0.000325760976527
0.0823705233604
-0.000197844101451
0.0774738718479
-0.00589608387916
0.068019796472
-0.00864618621272
0.0892403534539
-0.0040652076426
0.0972085927752
-0.0045219767227
0.103064320934
-0.00458237223867
0.102308695769
0.00363990213119
0.0998747495557
-0.00613047039513
0.093855381501
-0.00940247107032
0.099384918203
-0.00872188016408
0.0769557456006
-0.00947791945084
0.0871610251503
-0.00834653943906
0.08880227558
0.00294706254611
0.0777927976782
0.0028792437784
0.123649189585
-0.000256444196431
0.130519778694
0.000157570635189
0.111908295953
-0.00478590836728
0.110853705366
-0.00486365476684
0.112499843548
-0.0146701451052
0.103064500511
-0.00452849722629
0.116688046097
-0.0026166001714
0.119565277645
-4.39768157839e-05
0.116567590171
-0.000469233538617
0.101241988504
0.00498681510861
0.136527184433
-0.00150095592643
0.134702446329
-0.00162271005146
0.132003398239
1.44672060387e-05
0.129029393948
-0.00330693543248
0.128818547021
0.00525573632271
0.136393667467
-0.0043638484794
0.13483703285
-0.00389685039036
0.139662217025
-0.00117471947113
0.144548279814
-0.0094119079361
0.124966493015
-0.000941041241545
0.135252875722
-0.0044555651507
0.150018381901
0.000518101716087
0.144067462342
-0.00340141505864
0.157422255011
0.000475503597493
0.142275922124
0.00241991741798
0.161341750259
-0.00143781650498
0.119889548886
-0.00823031885106
0.118149981694
0.00337706091342
0.182631078079
0.00421706128724
0.183343305697
-0.000962364743441
0.178096489677
-0.00265995844462
0.180255941947
-0.0151797548237
0.173152058356
-0.00181817723516
0.162366213927
-0.00414952043159
0.140999770194
0.00259211430264
0.133037376497
-0.00318751070041
0.163852075603
-0.000232708699493
0.169887573187
0.00412083333575
0.187878389786
0.00376368359847
0.191540148088
-0.000352969043399
0.174432526165
-0.00887178607975
0.18768629812
-0.00024578773158
0.18089098625
-0.000816318477038
0.187346013411
-0.0071845265188
0.176067112753
-0.000124700762518
0.185370620321
-0.0010514740965
0.19811402287
1.45751001802e-05
0.215270262735
-0.000126445059986
0.207635854982
-0.00105080278683
0.219034986834
-0.000826094024334
0.219719329152
-0.000826094024334
0.219719329152
0.00315132632053
0.196198335308
-0.00808131887535
0.200562373073
0.00409180322132
0.210666630198
-0.00801840099632
0.217001347033
-0.00645686845824
0.198153205985
-0.00211592451099
0.204299912337
0.00432625117762
0.218982176302
0.00383802457826
0.226013408818
-0.00382065968462
0.223069401268
-0.00772353012876
0.208755813433
-0.00592159723926
0.204636774538
-0.00263874777047
0.223279110784
-0.00163029104861
0.198759004139
0.00311212884605
0.199958016061
-0.00287738535332
0.175845699424
0.00387153832939
0.25449854989
-0.00770552227329
0.246773659991
0.00030418377795
0.247715845078
-0.00175229967384
0.260578405274
-0.000555357722773
0.271381663857
-0.000832395950405
0.252189809069
-0.00553101089117
0.236772122001
-0.00204882934889
0.22931029939
-0.00411278568453
0.222070240479
-0.000385008763775
0.218486320338
-0.00554690891714
0.229749050533
-0.00777145261861
0.263683919082
0.00370734821894
0.270904179664
0.00327137138887
0.248222778188
-0.00110617926007
0.254218065527
0.00106138628259
0.228928366632
-0.00745249689655
0.265048870025
-0.000924967215807
0.278944383219
-0.00236023859477
0.237084837037
-0.00865256742652
0.276961010432
0.000774577750127
0.278648154482
-0.00695043772796
0.270937620817
-0.00163893569916
0.274721920085
-0.000688937756361
0.247992189319
-0.00459281207463
0.255277296129
0.00287903632396
0.282050198582
-0.00818613504253
0.253814504008
0.00351441010049
0.294830417806
0.00398385234307
0.290107208398
-0.00325835439513
0.320213878395
-0.000119557430306
0.274047313867
0.00300983006096
0.272156936947
0.0030320538201
0.292747835893
-0.000480465905429
0.285974350476
0.00161748224453
0.242275828004
0.00218189014845
0.307741495683
-0.00294467357853
0.299190123949
0.00157260608393
0.307861572516
-0.00446469788202
0.28836462756
-0.00677735088142
0.291341198206
-0.00108230224123
0.306027490526
-0.00213218865519
0.293219058354
-0.00254449582865
0.307918264665
-0.00800136894294
0.30698120058
-0.000303714669195
0.301507945503
-0.00147715879921
0.285187171432
0.00153716086862
0.322419683385
-0.00141717926311
0.244748981095
-0.00682206491147
0.238443095811
0.00189224344311
0.314707228615
0.001484847832
0.333543522874
-0.00297630099853
0.310774852201
-0.00233190495132
0.393773590326
-0.00121882121742
0.322768931998
-0.00161910939233
0.325882658485
-0.0081058463358
0.306488209401
0.00155113187067
0.328021305096
-0.00730056642982
0.327609229407
-0.00149182455891
0.346200215405
-3.03327458308e-05
0.282540309915
-0.00144752996408
0.343116632265
0.00133999784063
0.295389745617
0.00245597906423
0.356396553862
-0.00344117991495
0.290489191262
0.00273180514855
0.353387005256
0.000782901998192
0.305437011271
-0.00516467975279
0.370302909668
-0.00701420790363
0.397119079534
-0.0080479571645
0.331381485082
-0.00690100016404
0.360505969965
-0.000777666892573
0.368315731138
-0.00825014727451
0.36054520344
-6.34506009026e-05
0.38171274802
0.000136578669762
0.373254150972
-0.0156138013957
0.360337228384
0.00089431971519
0.398820569727
0.00119016017732
0.345497265599
0.00154086943904
0.341795238931
-0.00291055471376
0.375778622669
-0.00246110909385
0.408415389266
-0.00549575466403
0.365667636094
0.00205006526297
0.379068974662
0.0013121992681
0.352534414976
0.00207224046255
0.422941747218
-0.00146674687332
0.304641864536
-0.0188399725364
0.309050115299
-0.00434372063819
0.358902745518
-0.00695763358782
0.407072546546
0.00155611624603
0.444838611079
-0.00173305983126
0.404153586937
-0.000477672354034
0.403117382249
-0.00103747942133
0.359636700098
0.000308925616095
0.393746294599
0.00138725459528
0.372689708483
0.000662039535323
0.312839306357
-0.00205269273827
0.336325579901
6.95481437844e-05
0.272388856042
-0.00173499675437
0.323080337028
0.0019886977774
0.395697676057
0.00026472073973
0.313449344368
-0.00153709690265
0.412346858024
-0.00897585351488
0.434993165017
0.000328436471739
0.442670693062
0.00195886029784
0.479851907722
-0.00898539695829
0.415833430295
-0.00508239210327
0.492711708341
-0.00973024304849
0.501946234934
0.000628184726635
0.419399255871
-0.00254755320861
0.433611563393
-0.00231227559418
0.412141445731
-0.00169001520302
0.418951302712
-0.000103687583377
0.421605195704
0.00091903851341
0.381795418294
0.000367590270764
0.344392187389
-0.00137147031129
0.381029609098
-0.00123220162531
0.407201494713
-0.00116833547987
0.413571606495
3.00422513726e-05
0.332393868394
0.00215142582228
0.482817648372
-0.000961550562213
0.480034680819
-0.000141971994231
0.46626078375
0.0016996799953
0.415642323632
-0.0133202512211
0.467045434391
0.000435276470208
0.501559417205
0.00213805819599
0.495110188057
1.79530068335e-06
0.497714253302
-0.000238484016604
0.474542806965
0.000276144089322
0.478928772067
-0.00837642304045
0.428942865176
0.000207450869532
0.466094512689
0.00262017617713
0.478251457244
-0.00206792466821
0.463537856254
-0.00787000037252
0.464520774883
-0.00346219925756
0.470215486185
0.00248854944162
0.5154254775
-0.00192880582462
0.520221725942
0.00074026568358
0.45159748259
-0.0103571592973
0.465744634628
0.00246494228421
0.464781276543
-0.00449404848722
0.492106963283
-0.00756550439889
0.467813078157
-0.000778697622526
0.411334189914
0.000260304620771
0.378018324568
0.0010718610671
0.471152477322
0.000692609452791
0.432141379555
-0.000648002767891
0.438854815626
0.00141240707685
0.478820104006
0.000183811421349
0.46079452332
0.000474656292574
0.517357852692
0.0022496992471
0.495898686209
0.000617160195308
0.463275840121
0.000526892062373
0.497592383304
0.000251362015317
0.469217321118
-0.000242934325199
0.457596428685
0.00207958778761
0.454897259732
0.00295309601756
0.430084117952
-0.00440254099836
0.477513691524
0.00369194049085
0.505773776224
0.00286864653998
0.50495622831
-0.00117902318136
0.463188171585
-7.97014228391e-05
0.489307203322
0.00347935652948
0.511145516015
-0.00761046724083
0.477196627386
-0.00115316457231
0.458672000771
-0.00484325931148
0.462158214602
0.00128340894047
0.507488143171
0.00405810396329
0.50192921209
4.83235243159e-05
0.537994563116
-0.00081901655898
0.46129265479
1.50991293725e-05
0.47766803005
0.000419125251773
0.475695352273
0.000478050899685
0.506590115844
-0.00166130337586
0.490667215046
0.00106785408641
0.524653419991
-0.00160549014185
0.488096838166
-0.000640292685992
0.562581495473
-0.000876400385966
0.512179731726
-0.000430952789989
0.517899261954
-0.00232876670293
0.512411493996
-0.00144196962415
0.511068114928
-0.00710604035229
0.480408543603
-0.0164091756934
0.485974854889
-0.00244454051463
0.530379592913
0.00427932033894
0.510299189815
-0.00110192088453
0.504892035706
0.00340334113581
0.559037158012
0.00014226078378
0.543419287095
0.000770843181313
0.523924833479
-0.00914490458553
0.466674824292
-0.000515934867817
0.474943787468
-0.0065992940089
0.499552107459
-0.000524055222278
0.487561364326
-3.39204234188e-05
0.504076152963
-0.00116510204635
0.528527332989
-0.00132830178737
0.526883748465
-0.00152190861097
0.507521495658
-0.000489874149309
0.516257591456
-0.00110571791993
0.541034980095
0.000329173708253
0.565178654804
-0.0158921116962
0.536165849963
-0.000826987637715
0.555994141356
-0.00227072198829
0.577658747075
0.00218450649523
0.572374414691
0.00132402633206
0.52378070903
-0.00325903476851
0.571706556512
0.00282974251435
0.56045296836
0.00251248252106
0.531954189274
-0.00229382711547
0.549464948354
-0.00206310639194
0.55521562019
-0.000893607798248
0.554624328521
0.0008979924598
0.541893839843
0.000907146242648
0.506481070826
-0.0142617580949
0.586140543888
0.00079144024462
0.60037948343
-0.00758778570208
0.528421214373
-0.00497283459871
0.571174613098
-0.0111423753389
0.55207219748
2.55380746645e-05
0.528859255266
0.00305168853305
0.532071144087
-0.000962949581363
0.55408811937
0.000455094549011
0.519438762261
-0.00205864557159
0.584458263674
0.00215294667164
0.585752438763
-0.0031807572429
0.559481962214
7.87086252035e-05
0.543325284028
-0.00215665495245
0.545808323727
-0.007489258288
0.538946735672
-0.00112563946719
0.536753178549
-0.000329104084807
0.579961378802
0.000628277347437
0.572915170414
-0.000361911739197
0.574896317111
-0.00062681921739
0.536953884814
-0.00305509887421
0.528985960098
-0.00305509887421
0.528985960098
-0.0135202830046
0.587870754505
-0.0135202830046
0.587870754505
0.00155198589837
0.573629103851
-0.0132877946265
0.566135608959
0.0018414895766
0.545959756715
0.00288004924771
0.560301749726
0.00274142972225
0.587149115412
-0.000583175303997
0.576245217555
-0.00597019355751
0.571463658178
-0.000713719210735
0.570772394461
-0.00537984987415
0.551059648979
0.000365984658224
0.568229425156
-0.00149526389982
0.557334115286
-0.00124683728592
0.567842842365
-0.00353854494246
0.619018179765
-0.00462844797532
0.588881556497
0.00252875166398
0.587501641279
-0.000225901212727
0.568451869111
-0.000545540098472
0.558025576742
6.34815375239e-05
0.55796162176
-0.000839561091763
0.563417397856
-0.00249446213133
0.557725638675
-0.0042553479061
0.554549536351
-0.00524180693003
0.563355248574
0.00130984956647
0.586753265377
0.00130984956647
0.586753265377
-0.00278641475571
0.580504085082
-0.00278641475571
0.580504085082
-0.00170350499421
0.523720296958
-0.000192260225723
0.610686891214
-0.0101755820257
0.569601935757
0.00219234154372
0.62997193325
-0.00676553414876
0.645770513024
-0.00539994273673
0.587009828694
-9.91116690074e-05
0.561828608181
-0.00599987196152
0.509054198493
-0.0107112242379
0.480035699781
0.0024398481208
0.521144265468
0.000673173642475
0.571142118572
-0.00170105916088
0.583740713477
0.00349585229727
0.603927931248
0.00170112736122
0.597995766802
0.00228344114134
0.549727157746
-0.00716468384095
0.524125065048
0.0033325219248
0.580702748469
-0.0077536331039
0.528537894809
0.00083146266751
0.570073720985
-0.00149262710723
0.563335982365
-0.00212996584006
0.525042137164
-0.00299375289091
0.516806426152
-0.00221155334183
0.506383585176
0.00284816275902
0.537467568098
-0.00909902326861
0.570167491739
-0.00959933098521
0.564846166673
0.00226640240296
0.577830794589
0.00292869025484
0.589397129472
0.00148797144209
0.592450625507
-0.00343634442165
0.546982821379
-0.00168012330306
0.515599143099
0.00249683931334
0.536234750601
-0.00205218716265
0.531971951043
-0.00189240870848
0.52880199319
-0.00190169508479
0.532341528491
-0.00248272484623
0.590619901469
0.00234216402345
0.561483814965
-0.0144386255707
0.52217364147
-0.00943036845362
0.516755794985
-0.00128579502924
0.542519268818
-0.00112607103353
0.515040119592
0.00175571692366
0.538188933983
-0.00612755480341
0.577359702489
-0.000222730045066
0.520329044742
-0.000178265271136
0.563333916767
-0.000664729265013
0.552430746846
0.000556106367066
0.551668217015
-0.00248686074238
0.500280383227
0.000815084796736
0.529855124868
-0.00141833023882
0.512135096313
-0.00127602178492
0.499168303478
0.00272887788158
0.54636039312
-0.000343002552604
0.532924924127
-0.00236430466242
0.577034557568
-0.00119437378898
0.57279941869
-0.00712678162205
0.56336262746
-0.00151526964764
0.574880087726
-0.0052016986038
0.519433533346
-0.00735703958201
0.499225963693
-0.000130364924613
0.529368834631
0.000957889074541
0.54438066939
-0.000717385730846
0.520363129043
-0.00131249806072
0.522384613666
-0.00252233254424
0.504633359296
-0.00512824226345
0.542212722281
-0.0108236364855
0.541124442634
-0.00235185412827
0.532583106266
0.00228261512444
0.570713513322
0.00031744262442
0.574666891444
-0.002081661881
0.524354638024
-0.00109650703726
0.548899598397
-0.00294784443124
0.538002082591
-0.00205188234739
0.555949908724
-0.00229687955993
0.508262141473
0.00195788454004
0.561761077417
-0.00942567509652
0.495348952504
0.00135295983407
0.532115933236
-0.0022568578263
0.539014878888
-0.00984251432279
0.454073254595
-0.00145967935679
0.480879801919
-0.00177899627648
0.457838963017
-0.000164445263408
0.500787190396
-0.00143164590012
0.53741603018
-0.0146364309512
0.525855658351
-0.00174041499886
0.506538318024
-0.00297655228855
0.572550010976
0.00203625547193
0.517271700965
-0.00593899562845
0.471826217183
0.00222268582043
0.457124766826
-0.000991554160407
0.434455736463
-0.0116493377686
0.45533644823
0.00275775646015
0.502375454224
-0.000623379263412
0.558735440261
0.000443956188596
0.545571123471
-0.00125661792528
0.551492554287
0.00267180023673
0.583387639208
-0.00129576126474
0.497269258342
-0.00258336637074
0.508943523727
0.00138561210899
0.495467796657
0.00144972885301
0.402912747049
2.17861261576e-05
0.499456255192
0.000870102646557
0.495971346539
-0.000806893921839
0.534625001087
-0.00134851441414
0.551528961322
0.000760520757292
0.542834265007
0.000312137756683
0.466727860171
-0.00903110064863
0.410985613898
-0.000362110081751
0.443072187009
0.00225505592385
0.456378937136
-0.00212020126616
0.514706235756
-0.00145471959805
0.563426333218
-0.00146694821842
0.612607349416
-0.00626377985618
0.468988705122
-0.0120334979826
0.449010250356
0.000959378227827
0.414457808134
-0.00150758655171
0.488392958342
0.0012414569467
0.565086403548
-0.0110349636349
0.525312593965
0.00137985658146
0.521659839758
0.00288124862706
0.505225416729
0.000519091778699
0.484838316792
0.00320701600912
0.472951343286
0.00292252744903
0.47676733451
-0.000703043223203
0.559982156823
-0.00624137397996
0.499212479816
-0.00207715664208
0.439285990932
-0.0040732645407
0.504043436784
-0.000177854711878
0.474137746415
0.004163183623
0.441678444477
-0.00365731579075
0.470683109945
-0.00364341805927
0.504861297959
0.000569321670383
0.500926768694
0.00242735552056
0.501541677487
-0.00246961913644
0.437740676845
-0.00804173792141
0.470422156896
0.00322988671025
0.499162041173
-0.00245726550075
0.385862245453
0.00326429428535
0.424205099714
-0.00109938863872
0.436461712708
-0.00183388863594
0.399990744379
0.00269957349226
0.465387911455
0.00184971261154
0.468550464282
-0.00147953674928
0.453762243408
-0.0050780970701
0.538031907144
-0.000476163559749
0.495463856814
-0.00593971297329
0.436725695473
-0.000406831386982
0.448372545203
0.00323325224219
0.413811770005
-0.00681511992522
0.415994545838
-0.0129091737912
0.38044673356
-7.35853066807e-05
0.452972436751
0.00221371927705
0.473794370168
-0.00120402439617
0.428198878636
-0.00784734828776
0.454670015645
-0.00686527602159
0.521162100464
0.00172837252424
0.474280116184
0.00130770395671
0.446329135
-0.000918377636825
0.430773746695
0.00226436119282
0.41645176979
0.00269852397674
0.420712658466
-0.00881835249515
0.437705500891
-0.0045973426956
0.477969848246
0.000402062584429
0.385185123652
0.000681624317209
0.406180568355
0.000931435727953
0.417404123348
-0.00848338466267
0.398522028799
-0.000975084472625
0.439154288895
0.000862248307151
0.446139123765
-0.00723041069727
0.429312654214
-0.00160075775723
0.455219490173
0.00105975915548
0.458758265476
-0.0135871240839
0.416628269992
4.75644764779e-05
0.438985038527
0.00014650818556
0.426608199277
0.0018213938338
0.349973984557
0.0013028521134
0.440440467656
0.00135998912255
0.380562289119
-0.0012011534093
0.356715084765
0.00214703864101
0.43176164291
0.00114619416039
0.455647945191
0.00300503626357
0.429156361972
0.00141045442601
0.404489212311
0.00255334274225
0.439330873206
-0.00257305290425
0.384932100401
-0.00211402672637
0.393451643192
0.00037681997196
0.43983879695
-0.000114488566302
0.388578998582
0.000930665407926
0.345514853401
-0.00954162344653
0.408588315536
-0.00590809339406
0.393438553023
-0.00658625541388
0.431943253243
-0.00286134645054
0.397338462598
-0.00130253558145
0.374622168927
-0.0072779902839
0.363584256262
-0.0073463341252
0.375956506655
-0.00328313487538
0.371722645063
0.0037489994651
0.418139655242
0.00135890651982
0.379212646145
0.00128416186567
0.386026701494
-0.00185310294334
0.298956956177
-0.00132929654692
0.31041777633
0.00134182733651
0.294256721238
0.000220608496065
0.277777167376
0.000111631908485
0.325774136527
-0.00365827402448
0.331355952667
-0.00574419966692
0.37827529883
-0.0014065284769
0.373634658102
0.0015341964653
0.396681868057
-0.00776079780737
0.335172496318
-0.00142982096059
0.369994028755
0.00264203272762
0.390206190588
-0.00257229645296
0.350096534808
0.000168101688391
0.338244543765
-0.00134736249294
0.270700222898
0.000870119626385
0.269266876969
0.00126503137436
0.319351866503
-0.00157655049189
0.318958433037
0.000774474025243
0.337807851448
0.000637149220018
0.351388918757
0.00268123934533
0.41446486334
0.00389434510276
0.389778230611
0.00215175061959
0.341099805124
-0.00641288608286
0.323977051159
-0.000508661015923
0.282995432537
-0.00838294961385
0.281812362299
-0.000384227787369
0.293436942145
-8.47997352549e-05
0.330205829048
0.00326765599468
0.332449762401
0.00130445015646
0.314768701454
0.000655684942405
0.271033293766
0.00124177670969
0.278993319521
-0.00845107355868
0.320595303532
0.00156147193104
0.327061052845
0.00144728828717
0.310841042569
-0.00127651415227
0.269844738561
0.00149372671533
0.286029478761
0.00136423713093
0.279240655781
0.000605368783407
0.238483919682
0.0014592009396
0.273988965063
-0.000729268933021
0.280991802564
-0.00781754508821
0.292649037628
0.00301234605292
0.278736571888
-2.99193332043e-05
0.325374557197
-0.000982350433078
0.307871341762
-0.00620371615315
0.26283583462
-0.00309848966326
0.291365349734
-0.00672344188703
0.245038948832
0.00386677484506
0.26190062029
-0.000779471136384
0.255120933501
0.000252817033389
0.237677290303
-0.00205468903222
0.230996707837
0.00201318044847
0.289662052099
0.00267344525849
0.284653210106
-0.00965352705612
0.291188230791
-0.00184418232856
0.297203636023
-0.00224942270991
0.263841161335
-0.00663098431661
0.275603408271
-0.00633202990095
0.244089828555
0.00097976344169
0.242791289438
-0.00311081188241
0.226177826067
-0.0035290169448
0.24022098877
-0.00172226555415
0.231873666237
-0.00131605040034
0.221693812205
0.00212396874848
0.264750807231
0.00266961042079
0.295586232796
-0.00121386670867
0.217615061303
0.00156996380415
0.263622192532
-0.000337593429607
0.233300134582
-0.00227887427951
0.227838627997
-0.0180260414808
0.210527328445
-0.00171258547732
0.24901980347
-0.000402869167263
0.270051696039
-0.0019000138997
0.259759407448
-0.0091009048584
0.256727149805
-0.00151579081387
0.239387115866
0.00286783351246
0.258244585912
-0.000537187348047
0.218953918041
-0.000722731651337
0.194007720461
-0.000766154833429
0.203404055145
-0.00702721366249
0.201608923968
0.00149229677061
0.184631163601
-0.00797949422632
0.235743263178
-0.00841539316981
0.240389414374
0.000159004398383
0.240642444735
-0.00735850252245
0.234050774077
-0.00163599246967
0.227639433545
0.000385880112403
0.203928989707
-0.000448741762107
0.184629286306
-0.00121508468488
0.171898788821
-0.0136143680711
0.171558495901
0.000813777144754
0.23693734074
-0.00376996361894
0.233230918152
-0.00637680538399
0.239311193866
0.00642480921055
0.222688728951
-0.000576721678041
0.172967175247
-0.00235199903982
0.195775729578
0.00185358721851
0.175988750899
-0.000853760183763
0.120810527366
0.0015799841108
0.183059779167
-0.00100769925796
0.182638840061
0.00111181527852
0.185069611832
0.00131354555292
0.212058251573
4.25722216247e-05
0.204346884443
-0.00119639120462
0.203185188747
-0.000421801229505
0.213901842155
-0.00148148941628
0.193595670854
-0.000889514723996
0.152401855932
0.00103527161435
0.191232747898
0.00180117974484
0.172521999531
0.000737156424145
0.168480964149
0.00148547967371
0.179473366243
-0.00188153684147
0.157916853026
-0.00108907676809
0.15393735137
0.00026009217402
0.178665005445
0.00243404537197
0.182809205017
-0.00159813618862
0.20236987674
-0.00767032287869
0.190198444751
-0.00513022368021
0.196320367907
0.00192655295554
0.202930736108
-0.00579081535127
0.149997984921
-0.00158815794389
0.167895157512
-0.000850409951519
0.165767574407
0.00420078943012
0.200782440253
0.00385964426833
0.216726961058
-0.00929962848108
0.187526105023
0.000278781886294
0.18733871542
-0.000570926321474
0.158129113786
-0.00653319505822
0.149879475242
0.00117574445677
0.154780568977
-0.0125374611838
0.174526200454
0.000139392852692
0.183179258165
-0.00070739739526
0.174099042786
-0.00129508804002
0.166831299885
-0.00819378635061
0.12723411854
0.000247237915469
0.141087947463
-0.00751626146624
0.165606948944
-0.000111083835134
0.140270470095
-0.00227470527641
0.149977064312
-0.00645280102511
0.155215380696
0.000343047850564
0.146924286046
-0.000615771647555
0.142243877422
-0.00149379082962
0.127172790294
0.00273624916428
0.157769832002
-0.00852182746913
0.128758331498
-0.00545251827795
0.166012950943
-0.00103049040221
0.167104562458
5.62226110968e-06
0.154780188894
-0.000466100653846
0.150135354895
0.00268220931502
0.133174921641
-0.00143683950585
0.131314194808
-0.00785945440685
0.10830898591
-0.0121996297677
0.122099158319
0.000885208350537
0.14701355279
-0.000476601769829
0.158473703256
-0.000485601043021
0.166005277377
-0.00914124434366
0.174805489111
-0.00787070127322
0.143120378762
-0.00783756831018
0.145814809806
0.00305682777702
0.137500471905
-0.00142855030526
0.121764352261
-0.00115268009341
0.127661130412
-0.00686893486817
0.128436499524
-0.000409613005815
0.14632819921
-0.00329260302243
0.147286679854
-0.00113178679989
0.154810582367
-0.000874017380082
0.12636379441
0.00525302206472
0.133208865089
0.00435747119699
0.141000442572
-0.013988326543
0.119956122946
-0.00135457082213
0.13444986592
-0.00709641693829
0.1011716536
-0.00703594454444
0.102828160017
-0.00728338570078
0.118165251651
-0.00757473581108
0.143585387343
-0.00354988285338
0.136596436837
-0.00501498281409
0.139165906246
-0.0106752646173
0.132867192015
-0.0164330031169
0.126665276029
0.00095853893588
0.126818202522
0.00529705952696
0.132964919274
-0.00675154576862
0.120589062802
-0.00860597300984
0.103558306731
0.00344507479435
0.134224388192
-0.000848748183786
0.138133165199
-0.00738806268236
0.137789823302
-0.000832689757988
0.13158853925
-0.00625277788142
0.136116619191
-0.00262724284061
0.121234671116
0.00612581011388
0.126997618073
0.00303704130496
0.120482626082
-0.0032627043067
0.117151348251
0.00333255219566
0.120217786699
-0.00559955660251
0.122922709836
-0.00515027811858
0.123627258439
-0.00564924023897
0.130125597143
0.00370547261836
0.131315034781
-0.00880486650017
0.114121386245
-0.00362425555037
0.116344414672
0.000646451545477
0.0943634803035
0.00254193531076
0.110665709901
0.00465732265896
0.121463752845
-0.00390674574458
0.122519304052
0.00467037651702
0.131297865659
-0.00317955655622
0.136012204232
0.00068242823262
0.108464504074
-0.00698444767696
0.0948508861271
-0.00867353921523
0.099998049011
0.00622805725779
0.100361270843
0.00288092901472
0.100186402585
-0.0137299426382
0.103941825578
-0.00113639638635
0.124349108361
-0.00782293877409
0.12714316842
-0.0045547732535
0.139398186828
-0.00417703500051
0.115278354547
-0.000834751767774
0.112976743604
0.000491325712748
0.104807318761
0.00367431665345
0.0876011717251
-0.00194864552999
0.096600645783
-0.00923805651045
0.106736492658
-0.00667713958525
0.105212343474
-0.00181047522717
0.128820941264
-0.00117732769116
0.121928749006
-0.0057893394055
0.101279456791
-0.00863373540553
0.109936346568
-0.00774261322243
0.0905953822455
-0.00220590982826
0.100783024066
0.00409352417148
0.0971313084185
-0.00802339750488
0.106590075447
-0.00705606527866
0.118448009821
-0.00866864490503
0.10711863345
-0.00740876855271
0.107199647541
-0.00804922888868
0.089484455142
-0.00508780233562
0.108145037146
0.000456362380386
0.0761019873377
-0.00408407724392
0.105002318653
0.00474296128725
0.111641140851
-0.00621695880903
0.115288259748
0.003335773171
0.115450221084
-0.00648273750471
0.109994844348
-0.00267243390154
0.0870306877091
-0.00385463562034
0.0814774262051
-0.00489384949603
0.0745516597847
0.000494748700357
0.0726213292346
-0.000692222588242
0.10492761119
-0.00732522132796
0.11391562303
-0.00752817850266
0.107564894786
-0.00434549742237
0.104359836846
-0.0177160588212
0.0940742926789
-0.00667614257355
0.0914224681753
-0.00407381014668
0.0840058977845
-0.00397052047101
0.0789961595604
-0.00125062261301
0.0815506633762
0.00444339035739
0.0988204596539
-0.00938456747158
0.0959577913231
-0.0111348751082
0.111081781455
0.00334876628864
0.110608082139
-0.00802013680743
0.0926825611429
-0.000406754377044
0.0908337647121
-0.000739933348705
0.0943072876924
-0.00362130026968
0.0779989796756
0.000532286867452
0.0815520571064
-0.00205563842857
0.0956844531505
-0.00470945758206
0.100353535923
-0.00626763436993
0.100514267362
0.00639033274072
0.0978522369578
-0.00371396382493
0.0825124796431
-0.00159370780182
0.0861613673569
-0.0102027550389
0.0822370128294
-0.00756708618087
0.0819867914944
0.00118796913164
0.101694290235
-0.00384402722885
0.0797329437573
0.00387782582629
0.11431991386
-0.00429923761679
0.121249491549
-0.00552715744403
0.108023130651
-0.00707398050055
0.0914016410354
-0.0098223217777
0.0755912666877
0.000662156518784
0.0652730045372
-0.000993215497341
0.0772548072119
-0.00175973480361
0.0860769303525
-0.000625543962296
0.0885611286131
0.00394118509232
0.106369357715
-0.000700117491332
0.108543608221
-0.00386727078196
0.0933336554111
-0.00688621128909
0.0641227373016
-0.00109704186782
0.0821232305544
-0.00613232449368
0.0718537636844
-0.0075053594627
0.0690975010443
-0.00764537575999
0.0850921996421
0.000678589844727
0.0670676592869
-0.0115670605736
0.08440389338
-0.000277779287827
0.0974827594055
-0.00261301554071
0.101264229939
-0.00767840326315
0.084670293736
-0.00274618579335
0.0827947178217
-0.00436857996492
0.0879530864734
-0.00328297917016
0.0775165709865
-0.00092081605939
0.0802292014874
-0.00092081605939
0.0802292014874
-0.00092081605939
0.0802292014874
0.00549687667032
0.0872151701406
0.00483526280362
0.0996278004042
0.00483526280362
0.0996278004042
0.00483526280362
0.0996278004042
-0.00564690803835
0.0898716334934
0.00336776831222
0.0894318572115
-0.00146252019283
0.0851815743301
-0.00226638477432
0.0506702977208
-0.0035896816134
0.0800463128048
0.00337170581059
0.0773606200013
0.000606774643391
0.0755047239135
-0.00692304004388
0.0696309170191
-0.00930157878132
0.08845155522
-0.00864137500178
0.0798332097125
-0.00511115338138
0.0770914568856
-0.000549893696899
0.0761641927249
-0.00891854801927
0.054395447055
-0.00131187640057
0.0651859606811
-0.0019187675259
0.0804273199455
-0.00736246881492
0.0870246556636
-0.00434464877229
0.0932146109909
-0.000806708200807
0.0758991103674
0.00110282577115
0.0729209929343
-0.00445964310547
0.0646937204705
-0.00701483745312
0.0746656115025
0.00440332816774
0.0913817552556
-0.000974827031115
0.0997376793327
-0.0181740999587
0.092284711166
-0.00492182992256
0.0658566135546
-0.00815874992906
0.0633852743544
-0.00112996872262
0.0664374651128
-0.0100188353787
0.0543286568725
0.00572151919058
0.0837494551237
-0.00474516234242
0.090635119206
0.000218683069422
0.0926485803259
0.00154907020472
0.0872319168739
-0.00070516556375
0.0757551635355
-0.0101613238086
0.0524861566556
0.000766500086169
0.0526841746199
0.000688202657515
0.0511656935576
-0.00734878676448
0.0544054139458
-0.000443601846575
0.0706721038376
-0.0149145525453
0.0649274722608
-0.0102104293887
0.0877185832476
0.000416275909958
0.097719764157
-0.00952917281427
0.0781557692826
-0.00770528938243
0.0497181970084
0.00660419932901
0.0573075383756
-0.00915789737235
0.0578388518867
-0.00139522530958
0.0673321950936
-0.00821908965431
0.0719781276901
0.00536386960683
0.0910211738968
0.0037656929376
0.0945750403614
-0.00614515465456
0.0899926230626
-0.00458610828067
0.0882413402794
0.00389176478306
0.0828917397463
-0.00072725579851
0.0751908532417
-0.00978738949139
0.0610915195372
-0.00966022582326
0.0313698222355
0.00233695083105
0.0479488371063
-0.00120905010632
0.0396410030913
-0.00876770582706
0.0522344296976
0.00108043963726
0.0662935391181
0.00233435959384
0.0685450887888
-0.00869212402395
0.0597374237351
-2.195299173e-05
0.0520699180359
-0.000721382606953
0.0420138914738
-0.0190449139619
0.0404919676199
-0.00810324554725
0.0490481005234
-0.00576544645484
0.0387764186994
-0.00837470904203
0.0480100503908
0.00614550026644
0.063987113178
-0.0118774873441
0.049941781384
-0.00571513582252
0.0503930888977
-0.0124961814809
0.0431203543523
-0.00928037303957
0.0311073578921
-0.0027582326987
0.0239700980865
-0.0077917314356
0.0353910458826
0.00413303594016
0.0264625435383
-0.00447176251141
0.0363178821166
-0.0161500087886
0.0408144868815
-0.0225549026788
0.0445633021743
-0.00261287251238
0.0401438399455
-0.00141566576099
0.0410726428834
-0.00292954929074
0.018050823977
0.00104740881251
0.0199669782718
-0.00783780956047
0.0083153238332
0.000732280918458
0.0189354114094
0.00224901455061
0.0131805573974
-0.00983734046126
0.0239666250889
0.00564893637502
0.0159271752377
-0.00132892857516
0.0014096943584
-0.00180308726849
-0.00827180512813
-0.00122597393361
0.000598943059677
-0.00158267545285
-0.0100244988907
-0.0157673079247
-0.00302998451597
-0.00476286001505
-0.00163173243277
-0.0168449812784
-0.00856022383835
-0.0156945253143
-0.0116796461185
-0.00476332465612
-0.0226670765875
0.000369858422696
-0.0251820213481
0.00696118387138
-0.0164727478522
-0.00749323075789
-0.0110992269316
-0.00411492405918
-0.0158288037777
-0.00424329909661
-0.020313538717
-0.00658176086511
-0.0202741000575
-0.00801557374598
-0.0305032682199
0.00107837895215
-0.0275556274272
0.00115556094811
-0.0544504197581
-0.00858352581053
-0.0524385863402
-0.00014138540735
-0.0601673728391
-0.0103029473937
-0.0335831166461
-0.00122727840724
-0.044604537934
0.00519501954584
-0.0387244671382
-0.0109957353996
-0.0416756729039
-0.000917063824736
-0.0402754219609
0.0062672057823
-0.0549785898333
0.00405985488713
-0.0673123832683
-0.00467803986724
-0.0703522175167
0.00475842592231
-0.0643536273321
-0.00467545402704
-0.060220282862
-0.00515914095006
-0.0478111978102
-0.0113664834764
-0.041715478171
-0.0112357855128
-0.020036015937
-0.00146722232615
-0.0220281279161
-0.00408921691711
-0.0321393992256
-0.00976693187994
-0.0460782816429
0.00450980111833
-0.0438869351678
-0.00259870975302
-0.0228323414527
0.00660392378392
-0.0222228257855
-0.00407751592648
-0.00515420226859
0.00379053047095
-0.0231909961727
-7.48551207966e-05
-0.020027375293
-0.00730711315637
-0.028770742963
-0.00396935501975
-0.0261069439788
-0.0183052375663
-0.0307251860943
-0.00515738168423
-0.0248954256314
-0.00255831867157
-0.0153602841512
-0.00509766280906
-0.0108667638192
-0.0165982666303
-0.0165031737076
-0.00599834836543
-0.00442805270699
-0.00924439731649
-0.0125281098888
-0.00565034122939
-0.0246714698984
-0.000607808778379
-0.0235684812449
-0.0105401947144
-0.0197763392821
-0.0079341004178
-0.0203175848716
-0.00406821204084
-0.00618988447035
-0.00728514290853
0.0033661167618
-0.00521991087653
-0.0108583496099
0.000741829685814
-0.0111284572795
-0.00151464382388
-0.0172735560466
-0.0107634275924
-0.0223978914613
-0.0115195661455
-0.0169781560483
0.00299775235299
-0.00101275692068
0.00502840625949
0.00237547605055
-0.00473816921193
0.00554858749028
-0.00440703962727
0.00367512115438
-0.00538774490691
0.00498120328826
-0.00739095609327
-0.00670432720479
-0.00678051693782
-0.0186159145627
-0.0118894283714
-0.0123264745821
-0.0135742251993
-0.0146936091583
0.00208138587462
-0.0100858620728
0.00228940288464
-0.00377394805131
0.00646620219003
0.00304427655268
0.00497716199606
0.00483505183514
-0.00473268359773
0.00652900403947
-0.00473806541393
0.00360830425512
-0.00474790832957
0.00066161256616
0.00471145284688
-0.00360175545404
0.00472108292519
-0.00578784261637
0.00471616840183
-0.00527177807605
0.00475312279509
-0.00315392273723
-0.00465892519937
-0.000328274238878
-0.00468675555692
0.00315596507793
-0.00470390032459
0.00300545294874
0.00464660494728
0.00511698565785
0.00464812223283
0.00503385218941
-0.00475695449749
0.00357669298661
-0.00472542290958
0.00232287274652
-0.00472110311611
0.00109348918384
0.0047198356653
-0.000248897420946
0.00470973803139
0.000194577167688
0.00472332551908
0.00108822174852
-0.00470912220386
0.00219145883072
