-5.17160529563e-06
-0.00167087328263
4.74718528846e-09
-0.00166788190138
5.95275045994e-06
0.00149385919941
-1.00830568304e-05
-0.00148594040343
-2.45996014189e-06
-0.00165258575749
2.08620207904e-06
0.00165231170356
8.14862714305e-06
0.00148069405772
-1.28033763376e-05
-0.00148226768283
1.23607636364e-05
0.001476541567
-9.72538899473e-06
-0.00147744442285
-1.12706167039e-05
-0.00147714122119
3.80948099493e-05
0.0386180536554
0.020949804264
-0.023803164085
0.0722251543512
0.00485163833861
0.123741796623
0.0364426356397
0.164337122763
-0.0026433635312
0.20436014574
0.0285291471026
0.276670671974
0.0413694599545
0.308960505284
-0.00745098481263
0.331032990248
0.00324983786805
0.339460510441
0.0205817693118
0.341766071445
0.0345566174968
0.337550128858
-0.00637196985086
0.334548283005
0.00466845902215
0.337761165953
-0.00353034077244
0.316240550143
-0.00232651147758
0.3273690225
0.0389029133907
0.291140429666
-0.00193643797132
0.316163996343
-0.000213772622968
0.271250201592
-0.00261272568643
0.225312703427
-0.00761324910747
0.191614568822
-0.0251596432417
0.130495586964
-0.00387245785192
0.0874998466534
-0.000550630233189
0.0681987339012
-0.0209877699873
0.0529134842416
0.0150384278122
0.0194382478005
-0.00743363978216
-0.00771311586412
-0.00494096694023
-0.0141710116431
-0.00618854788247
-0.0276050689859
-0.00642864077862
-0.00377515466753
-0.00242312189412
0.0441221327589
0.00411267620703
0.0621957306605
0.0248038604182
0.124652435244
-0.00839183099494
0.177854600683
0.0354820267519
0.232125721929
0.0146828892824
0.279108565416
0.0227158902104
0.295747167423
-0.00949675637392
0.335736532215
0.00523707427668
0.373982232789
0.0161138546616
0.414064386114
-0.0223579981105
0.459216483529
-0.012877281235
0.47522186505
0.0154342885393
0.485756147426
0.0168092325334
0.522821820416
0.0167280132424
0.523773877211
0.00384253947817
0.495929595362
0.00685317424699
0.464737000923
-0.00535403240049
0.44877812555
-0.0199727540844
0.442613274331
-0.0051110364123
0.433505223183
0.00730217195558
0.424791487494
0.00858230474538
0.442406423071
0.00553192699481
0.461091517051
0.00782262996141
0.519294685393
-0.00270554482738
0.55459315752
0.01799982113
0.558737754413
0.00854333440593
0.544831671885
-0.0106716625092
0.528382597983
0.00769302209035
0.528507844091
-0.0255518697164
0.483824410093
0.000519160268734
0.489299485764
-0.00303440784166
0.497515755991
-0.000580047257543
0.526186448173
-0.00942219234065
0.524578197655
-0.00939948000838
0.52593263792
0.00976168651898
0.534138117913
0.0347578998771
0.558937818003
-0.0144568140544
0.564326773624
0.00358378404159
0.550106213284
0.0179037924545
0.542462708466
0.014385552582
0.575040045711
-0.0273096309001
0.545329407301
0.00328545391189
0.566892656321
0.000194856047666
0.589292000119
-0.00387199086662
0.587079312821
0.0184034057049
0.586206481984
0.00949807405434
0.588849320903
-0.000201647993456
0.59759537912
-3.78622440171e-05
0.603367553046
0.0221722501487
0.61771562064
-0.0322652524402
0.623979507361
0.00709774448677
0.618660739031
0.0034359489191
0.633749852416
-0.00660024839883
0.644055339207
-0.0114371697927
0.65185210802
-0.000213729285724
0.671022987933
-0.000125935063408
0.68090623893
0.0145410261177
0.676051611709
-0.00322650068965
0.672410758311
0.00397598685084
0.667711051425
0.00472675636326
0.669589826744
0.00703251802347
0.669905518364
-0.00797907718767
0.676141014567
-0.00351980677705
0.67754682485
-0.0099885676671
0.681553732857
0.0165641234968
0.683434174831
-0.000309294529278
0.685701131959
-0.00134543664748
0.687897893655
-0.00303220290136
0.689580230704
-0.00111722603912
0.692348416546
0.000539025275472
0.694151171651
0.000579406952543
0.696040643491
0.00091807298222
0.696209492801
-0.000864328168261
0.69409109522
-0.00118594405847
0.694175665945
0.0010099852147
0.698191417969
0.0207639397724
0.699327174023
0.00256456021107
0.700282908409
0.0153226202218
0.699076136334
-0.0321608863317
0.699076136334
-0.0321608863317
0.701638528586
-0.0161343720005
0.704047082185
0.00306087257365
0.709481003448
0.0158021007264
0.706961181228
0.00837982252946
0.711126853515
0.0320052628265
0.711686684854
0.0134794429412
0.716570726324
0.00708076013375
0.71524344418
-0.00829130961993
0.716365255497
-0.0314108842348
0.720816409547
0.0165361140428
0.722415949109
-0.00452132042138
0.724247819496
-0.00352829844192
0.724892246163
0.00534450080507
0.729833592886
0.00257793993317
0.732615424909
-0.00163866941743
0.732375628342
-0.00604953387684
0.737790265011
0.0147684808223
0.737446941057
0.0139142722065
0.736077462196
0.0012932253678
0.743627205072
-0.00334459396258
0.749457684034
-0.0219538193764
0.755542743799
-0.00675335977599
0.755542743799
-0.00675335977599
0.762916571879
0.00594785703944
0.762916571879
0.00594785703944
0.765847534554
0.00245250248294
0.765847534554
0.00245250248294
0.773158150572
-0.00922987584856
0.779693069583
-0.00675537964431
0.784107504035
0.0512210349621
0.78444472565
0.0557463550386
0.784301310677
-0.00395329086753
0.799209333365
0.0129067665337
0.801705464714
-0.0090553347574
0.805290056207
-0.00183636924928
0.800092918053
-0.0174040497624
0.799051090306
-0.00509199063912
0.804744709683
-0.00666538023956
0.805904567641
0.014292004331
0.818328313651
0.0341502973069
0.818328313651
0.0341502973069
0.825395710502
-0.00197642756202
0.825395710502
-0.00197642756202
0.825395710502
-0.00197642756202
0.833446312267
0.00256984007069
0.833446312267
0.00256984007069
0.833446312267
0.00256984007069
0.837360087094
0.00244847094791
0.844440852793
-0.00437659981523
0.841129601452
0.00579028814292
0.84806590342
-0.0122651280935
0.853592204235
0.00345380919823
0.85597860017
-0.00349109770442
0.859496853648
0.00216428222354
0.861384687748
-0.00245859142628
0.863631443738
0.00150848044281
0.866361575646
-0.00170918939097
0.868232949798
0.00340474665428
0.869487695746
0.00133253517148
0.873444684108
-0.00167290579401
0.876387905798
-0.00496802395406
0.879346575544
0.000810433709975
0.880757655821
-0.00100154165401
0.883433693203
0.00621858298412
0.885844592435
0.00270666323209
0.886383120897
-0.00312450695641
0.889575514847
-0.00270164156593
0.891664581293
0.0021010349275
0.895915201787
0.00317112576311
0.895770515542
-0.00256920251257
0.898682830229
0.0227184501334
0.900685345977
0.0139463115055
0.904568554263
-0.0113685005505
0.905725896525
0.0148394004419
0.910081881912
0.0159801142422
0.907575721049
-0.0170852585866
0.909591343544
0.00328224176531
0.912284023905
-0.00425089200458
0.915255095166
-0.0072313294852
0.919649908651
-0.0123001690999
0.919683190599
0.00680860454796
0.92276571518
0.00208692712664
0.925649459987
0.00700194552261
0.933246481104
0.0152053080287
0.935215648248
0.0182087026122
0.938474160817
0.0158141309804
0.94485235701
0.00325713412904
0.950658834058
0.00837846922045
0.955897984567
0.0147377658112
0.961227864887
0.00551700306993
0.963830775281
-0.00597583522473
0.966432579563
-0.0411798147025
0.969966211383
0.0325417825625
0.97074438653
0.00337647568292
0.969971351814
0.00531074468882
0.976369097958
0.0104763814499
0.977575260351
0.0165892463332
0.981152490793
0.00309355096977
0.987268971223
-0.00326995269698
0.997667939103
-0.000684190938494
1.00050035898
-0.00492578868543
1.00037726888
0.00945045632338
1.00384212853
-0.000417682742391
1.00767194614
-0.00301102272467
1.00655060174
0.0347647050539
1.00991579856
-0.00370665963961
1.01268706254
0.000832839617485
1.01652698515
0.00763015771205
1.01902641291
-0.00175100660332
1.01649216291
-0.0334415849481
1.02916493207
0.013656619852
1.03266254968
-0.00160042984972
1.03277919816
-0.0028109364811
1.03861821301
-0.00837388000192
1.04492819481
-0.0039418317222
1.04434440243
-0.0334708851114
1.04742310837
-0.0148662580001
1.04636696446
0.0153013442078
1.04801738576
-0.00315286065422
1.05162633334
0.00136544941672
1.05446474638
0.0044667699122
1.05929868531
0.00452791381312
1.06238052967
-0.00295394780866
1.06632805119
0.00712575498043
1.06848863351
-0.0127749026127
1.07099938386
0.00996477335697
1.07385459846
0.0516323826275
1.07368971079
-0.0189877836625
1.07566454796
0.00308491310116
1.07707386278
0.00110103689497
1.08303690938
-0.0053231355534
1.08913773032
0.00104099064929
1.09452490539
-0.00116304645652
1.09762236008
-0.00117732199042
1.09817716849
0.00296322042178
1.10085514697
0.00351142024196
1.10179312278
-0.031346718159
1.10155899641
-0.00592064812475
1.10275448506
-0.00175393339828
1.10893976906
-0.00172612550005
1.11001874586
-0.000209155660125
1.11293424509
0.000712459223294
1.11779731926
-0.00356958614577
1.12112495336
0.00206199826615
1.12512972697
-0.00149797621943
1.13496334008
-0.00419953808679
1.13703582672
0.00744409900651
1.1414390487
-0.00500853577274
1.14440717594
0.00204651149001
1.14724177097
0.0129756256389
1.14922132523
0.00965485695112
1.14706111422
-0.00489420662399
1.15299014273
0.00903125447141
1.15541159958
-0.00208986385654
1.15813958646
0.00246893726178
1.16333904389
0.00401110062981
1.16900636031
0.00378601409563
1.1736271971
0.00419521226114
1.17189352041
0.0128793736503
1.17773021986
0.00210827647599
1.17922482263
0.0143156869237
1.18081449499
0.00773025393671
1.18534220149
0.00325352789421
1.18916016029
0.000472183106252
1.19305767869
0.00242144552541
1.20139547471
-0.00208755210255
1.20580992707
0.00236853242254
1.20860843395
0.0097838139018
1.21390630126
0.00755444710499
1.21408109326
0.01520492342
1.21458777192
0.00326601303381
1.21775775303
-0.00129828340291
1.2192525408
-0.00124913384725
1.22285384107
0.00222941702048
1.23160134312
0.0138418454042
1.23891043656
-0.00128315996427
1.24307417419
0.01161223705
1.2450699838
-0.00148712163883
1.2450699838
-0.00148712163883
1.24947299835
-0.00414272348541
1.25311852561
0.0026626926889
1.25807919413
-0.00289048568818
1.26579197115
0.00734890552257
1.26575824347
-0.00658820637875
1.26626507778
-0.00630608183047
1.26743800228
0.00420921953072
1.26866510477
0.00112036954216
1.27049737313
-0.000382036623368
1.27272654535
0.000269961665589
1.2756584331
0.00176632232408
1.279702219
0.0045631350965
1.28390460335
-0.00158543471519
1.29289986929
0.00263264907028
1.29306361096
-0.0101222457555
1.30025016908
0.00451015720482
1.30432808752
0.00179060336858
1.30576629738
-0.00487781980051
1.31095245299
-0.00438612798947
1.3156326952
0.000378154334759
1.31875340874
0.0135151732895
1.32259026382
0.00622608093056
1.32854987298
-0.00131217497104
1.33235353451
-0.00370535956158
1.35429548726
-0.00663597445196
1.36236241398
-0.00337641319625
1.36873622567
0.00258465961232
1.37982639078
0.000508718522125
1.38635381902
-0.010282867568
1.39312924106
-0.00547627603671
1.39433577556
-0.0106798909407
1.40245797105
0.00830723549402
1.39889159643
0.0114898314032
1.39905949421
0.0043983411246
1.40122615181
-0.00632263306417
1.40842321837
-0.00381776169442
1.41332107156
0.00135807843618
1.41708284107
-0.0001805235365
1.43124834131
-0.00307965139484
1.43364084689
0.00265174418291
1.43908803959
-0.00402176531108
1.45059315561
-0.0122571018807
1.45226441728
0.0100038237503
1.45586214898
-0.0113878081457
1.46478826358
-0.00380674281014
1.4712222594
-0.00328157323474
1.47862014126
-0.00509926122527
1.48483770588
0.0045148983335
1.48883093872
0.00796533613343
1.49285406702
0.00796128855146
1.5030344846
0.0153955573898
1.50334219133
-0.00217305779165
1.50653269544
-0.00132898490247
1.51229535025
0.0188700058696
1.5099500895
0.0233836535061
1.52007886539
-0.0004240573423
1.52652712885
0.0107433331179
1.54833375768
-0.00456979303379
1.56132005187
6.67659668522e-05
1.57286082547
0.00159652996969
1.5858690863
0.00154702791288
1.59456565044
0.00447882869738
1.5963722824
-0.0026582496806
1.61180474265
0.00658407951498
1.63726769208
0.00340258522347
1.64254651035
-0.00339759545325
1.64961111781
0.000476100035205
1.64716205679
0.00431804088278
1.6448195807
-0.00191547108517
1.65276043091
0.00157759434398
1.66044826819
-0.000646915724225
1.67274449304
0.00550801985184
1.68053480804
-0.0066531779685
1.69003492071
0.0051697280753
1.70761617542
0.00482834965976
1.72183319317
-0.0126239053897
1.72448768685
0.0141747545484
1.72718588296
0.000799900886784
1.73557468856
-0.00666276952131
1.74303893253
0.00241109921578
1.74958695956
0.00862442728155
1.75099212014
0.0170251731316
1.7519181155
-0.00285760232441
1.75516513855
0.00302041016624
1.76559982848
0.00138428767492
1.7671280608
0.0109549866054
1.78023485207
0.0142657836091
1.79214287227
0.00137374926257
1.80959013399
0.00417073800688
1.84292816059
-0.000272482966229
1.86154274624
0.00537193750961
1.87844460804
0.00344042318833
1.89358615262
0.00262399246842
1.90152453519
-0.000182826686051
1.91562257876
0.00282729688536
1.94149029173
0.0159143638529
1.95332123409
-9.49260007973e-05
1.95611262487
-0.0083947082616
1.96211454392
-0.00418169613697
1.96933488855
0.00444243688403
1.97399751329
0.0140218646706
1.98074080023
-0.00509770013661
1.98486823559
-0.00339803862298
1.9988430473
0.000668832748967
2.01017159222
-0.00516287716375
2.0158815972
0.00798521553711
2.02674644827
-0.00437051992697
2.03008355212
-0.00432492801848
2.03816664314
-0.00294430784771
2.0433951124
0.00740640717989
2.0506648174
-8.80356077058e-05
2.06010488954
0.0134308067536
2.06999934912
0.00561333682795
2.07311679436
0.00621079429027
2.08226341006
0.0189235496492
2.09454118636
-0.013099747712
2.1137936279
0.0037048710174
2.12693151638
0.00453045605672
2.13583593566
0.0173084960733
2.14037437202
-0.00204013228219
2.14817006522
0.0083855601897
2.15112886093
-0.00398305580919
2.16368983892
-0.00485379401978
2.16983160445
0.00627010228
2.17684623785
0.000723315315125
2.21363960153
-0.00786807590925
2.23436962476
0.0176756708122
2.24762887025
-0.0075053744593
2.25685602579
-0.00476775699574
2.25620157224
0.00517664100801
2.25854691281
-0.00424472808086
2.30536066774
-0.00378447441154
2.32094211193
-0.00442553086527
2.32908648012
0.0163352118717
2.34589520524
0.00127962139695
2.34652491777
-0.00308221451938
2.35050756021
3.93742064239e-05
2.37216389731
-0.00178619538747
2.4119654948
5.35066782817e-05
2.41579050423
-0.00251250590716
2.41851215135
0.00449773396333
2.42787206862
-0.00623469315633
2.43090266218
0.00149387980249
2.43370894524
0.00292305921623
2.44035726956
-0.000511965518575
2.45286462974
-0.0149986045538
2.47749391817
0.00923014094508
2.50207350255
0.00107366451324
2.52434721404
0.0139453822384
2.53078395514
-0.0190729561498
2.53924062394
0.0133496746324
2.54403829858
0.00193579030203
2.55279826654
-0.000915439294293
2.55921939745
0.00280825246527
2.56352519564
0.00167279770601
2.5663653312
0.0113975030709
2.58078431443
0.00344208329091
2.60863081014
-0.0039478021825
2.62226753923
0.0077098317501
2.6262158733
0.00774157778072
2.63510117629
0.00155055178212
2.63665317645
-0.00139077887038
2.64495468653
0.00554974303354
2.65204241941
0.00720881717832
2.65741733692
0.00538764695948
2.66539424221
-0.00151837133975
2.67472788632
-0.000277741775425
2.68426954739
0.0105433952796
2.69384388168
-0.0045993452984
2.69965463472
-0.00457241506292
2.70765963713
-0.00448483302971
2.72290141972
-0.000475619244494
2.72511122515
-0.0257134958779
2.73162730495
0.00385851606387
2.74130528244
0.0111956737247
2.74639108404
-0.00455825100548
2.75580311264
-0.0055780881063
2.76329615431
-0.00663013324314
2.77340847483
0.00826136469828
2.77322447331
-0.0224907324592
2.77664985147
-0.00196225757484
2.78147605966
-0.00538781760948
2.78550263794
0.00643161473733
2.7988269302
0.000665410747348
2.80952689384
0.0182757678256
2.81987722911
0.00370984486947
2.8243591228
-0.00498811421911
2.83768565807
-0.0182632032051
2.84882107255
-0.00281733289407
2.85995697333
-0.0258198687312
2.86250343982
-0.00406402961713
2.86744384502
0.00664448373726
2.87560139359
0.00401594853461
2.88130833137
-0.00145220345358
2.88783006433
0.00870765595678
2.90469544553
0.00873176971558
2.92263998446
-0.0196305324987
2.93228691181
0.00306889961711
2.93316327565
-0.00359600509143
2.94303594664
-0.00661903479431
2.95379280961
-0.0238942535892
2.96242774394
-0.0050305449043
2.96674471305
-0.00390825915461
2.96968278503
0.00803036593217
2.97636148035
0.00049126717116
2.97913133904
0.00419937040204
2.98168048883
-0.0151246042303
2.98702879733
0.00491142683143
2.99123818554
0.00400572055448
2.99150465199
0.00395680502271
2.99504388015
0.0121697213951
3.00868443178
0.0170502980496
3.01202801472
-0.00623466114449
3.02281094774
-0.0154913628891
3.03157426227
0.000224232169586
3.04390565641
0.0140694610497
3.04778187273
0.00441607018233
3.05739561457
0.00877570540701
3.0672153109
-0.0182961678007
3.08105936413
0.00434589972216
3.08596643006
-0.00523475471426
3.09571523292
-0.0152142743486
3.10044128281
-0.00523770713374
3.10493099686
-0.00516431574904
3.10287151496
-0.015581113868
3.10862231935
0.00103962005134
3.10655352867
0.0265659037618
3.11281126838
-0.00648524224412
3.1189466421
0.00482726290072
3.12317943507
0.000654821405401
3.13440452603
-0.00814193878009
3.14206913814
0.000597990975789
3.16318072686
-0.00557571262256
3.17084468211
0.00382285211053
3.18754105212
-0.0047345404969
3.20027451679
-0.000987638432456
3.20837336728
0.010865793364
3.21673469842
-0.00343305309023
3.22468735333
-3.47567825114e-05
3.22739885007
-0.00268567591769
3.22794472377
0.00411349847436
3.23344770806
-0.00368221410459
3.23698425433
0.000394437565419
3.24082794354
-0.000275552346758
3.24151849858
0.00409738369994
3.24595385239
-0.00289552568667
3.24877336431
0.0084146532414
3.28032874725
0.0122563776693
3.29762843932
-0.00450867391188
3.30995990544
0.00138964287754
3.32385482446
0.0278069349662
3.33446874983
0.0128527084191
3.33702642397
0.0109313889082
3.34552968387
-0.00140185600459
3.36317402597
-8.75125826523e-05
3.37003775903
-0.00399840177051
3.3749079969
-0.00608170449777
3.39390862917
0.0111356176074
3.40969708156
0.00347206026569
3.41563544966
-0.00258043398078
3.43190575077
0.000567382303077
3.43855421605
-0.00638448101314
3.4415237124
0.0142603627999
3.44783686502
0.0154422820013
3.45904797487
-0.00661481101715
3.47341704054
-0.0038777993631
3.49622152993
0.022410891038
3.50600967028
-0.000473546514724
3.51204527816
-0.00420852273177
3.52287574662
-0.00641139130435
3.52611824975
-0.00304207001004
3.53034570191
-0.00370695854894
3.53360749085
-0.00695589330061
3.53623381797
-0.000260495783173
3.56110268596
0.000594625800629
3.5777698963
-0.00655504745219
3.60273121646
-0.0276898608525
3.63496434362
-0.0061240533623
3.64369394868
-0.00261172005417
3.6551109248
-0.00318845456107
3.66032533843
-0.0197602944404
3.66748678125
0.00467958064349
3.68831408978
-0.0179900383634
3.69372036106
0.000283616166465
3.69234453341
0.00241030462099
3.72545995547
7.68313316563e-05
3.74054323769
0.0141040509461
3.74098589613
0.00827676031069
3.77743022688
0.00450464775098
3.77933957665
0.0116770376017
3.78877524208
-0.0166615955749
3.78564479223
-0.000176093536153
3.78562566067
-9.53817083767e-06
3.78832405595
0.00501677974732
3.7858548658
0.0022085946326
3.80550317645
-0.00193066325792
3.81658972923
0.0393701806677
3.84188185849
0.00430287235059
3.8526035254
-0.000443267389697
3.85528309971
0.0012745694901
3.85727686435
0.00349520866051
3.8723756156
-0.00395522833299
3.88745552326
-0.000103812468751
3.89379332237
-0.0010209827963
3.89481993541
-0.00291461692331
3.8972528291
-0.00322539763083
3.90189252157
0.00362260185088
3.91120838403
0.00129431601011
3.92410691349
0.0263700481755
3.92902232844
0.0025295711382
3.94060883715
0.0294990272163
3.94079956949
-0.0167217410946
3.95740430095
0.00134427548903
3.95301606083
-0.00106189247513
3.96925752547
-0.0406996942431
3.99119641236
0.00250701464347
4.01022385961
0.00447928090743
4.00519572728
0.00305828352192
4.00588106523
0.00350842339551
4.00643888821
-0.00280443479176
4.00468140899
0.00318635376018
4.01059699226
0.0115345153654
4.014943706
-0.00370511176377
4.01974234308
-0.0132404204411
4.02324960507
-0.0129546425322
4.02861638254
-0.00257122075969
4.03073108622
-0.00278029793656
4.02403780526
-0.00409819252345
4.0168170641
0.0181734201974
4.02113574771
-0.0257061555204
4.02432508272
0.0105539971002
4.04452638315
0.000802909317406
4.05562197446
-0.0020524163925
4.06356977026
0.000232503289877
4.08387138545
-0.00972746059648
4.10875715379
0.00158418405423
4.10886280577
-0.00042616142614
4.10794584833
0.00412754544667
4.11182280041
0.0028412029463
4.13053651005
-0.0115334991486
4.141269721
0.00412811977099
4.15105055964
-0.00301439272101
4.1547414273
-0.0137004333756
4.16062587058
0.000254874899608
4.16123848688
-0.000238905728786
4.16436313491
0.00020984328099
4.16708443908
0.000142467194611
4.16415687214
0.0120571824331
4.16954790589
0.00375097847378
4.17953285372
0.000567394331505
4.18555780692
-0.00307689310018
4.1819351786
-0.003718853115
4.21137786048
-0.0024344864496
4.22881971368
0.00528636115509
4.23235821167
-0.00518092163796
4.2393016282
0.00361855321357
4.24080849954
0.00355005066907
4.25041288102
-0.0039025171894
4.25839408667
-0.00715066745742
4.26596860102
-0.00251875967217
4.28161535245
0.0327506196472
4.28230466176
-0.0169929381073
4.28407708765
0.00873558696117
4.29119087314
0.00451553835479
4.30141223523
0.00356467901401
4.32223261839
0.00211201418663
4.34052530331
-0.00509489813519
4.3432516078
-0.0237637157998
4.36218973981
-0.0323523347841
4.36880890118
0.0086335448013
4.37469445461
0.00568643889212
4.37838026815
-0.00247079447065
4.37998844569
0.0204778372404
4.3818739399
-0.00601560660584
4.38203888104
-0.00214913665681
4.38112338499
0.00334925296697
4.383397992
0.00459235901914
4.38127861064
-0.00248227940723
4.39249079965
0.00321728654534
4.40505667425
0.00246758171021
4.41440792975
-0.00338572333818
4.42008223141
0.00142384055912
4.41957140726
-0.0026250959819
4.41120821628
0.00231082784198
4.41141814672
0.00382659191679
4.41712112678
-0.00605652747563
4.41994589007
-0.00942849858875
4.4261628848
0.00384449445329
4.42752008127
-0.000419364712704
4.42890375696
-0.00309227734687
4.44362652445
-0.0133656379233
4.44909024981
0.00463123351852
4.45333262008
0.00382189660701
4.45240239558
-0.0054861712972
4.45911567764
-0.00291190538353
4.47233505067
-0.0111306354363
4.48988473371
0.00461551795569
4.49754580134
-0.00504788704492
4.49859829003
-0.00276318223501
4.5010522167
-0.00685099941281
4.51046597097
0.0112245456438
4.52571455797
-0.0011732998132
4.53766696346
-0.00414127580693
4.53992604202
-0.0043896076502
4.54270824712
0.0032279118571
4.54170868046
0.00320085830911
4.5421598504
0.00346563385257
4.54386274676
0.00429742750607
4.54933001021
-0.00241227760187
4.54503225479
-0.0102049694497
4.55952893228
-0.00995025496715
4.57197428423
0.0180006141558
4.58214670523
-0.0148157362174
4.59309427882
0.00100632708546
4.59576492365
-0.011170839713
4.598022614
-0.00962530041146
4.60173336057
-0.00262091596925
4.60790801394
0.00133573267591
4.63190139095
0.00103232126701
4.6465050705
0.00325933033714
4.66503078155
0.00598919780307
4.68609249255
0.00556393468538
4.70150924151
-0.00398329788979
4.71230183498
0.00241217512367
4.72116746558
0.0260651784192
4.7308171415
-0.00163396605251
4.73793549274
0.00551375340514
4.74000984969
-0.00183521183932
4.73729854908
-0.0164880170276
4.74557910789
-0.0103448478262
4.75544162875
0.00542423556204
4.75728546503
0.0224456038192
4.75738094945
0.0274699249716
4.75568613451
-0.00585364071015
4.7592576525
-0.0123259862958
4.76335278081
0.000495276488449
4.75516375018
-0.00436428668889
4.75123967093
0.0112074278903
4.75323833549
0.00976616934663
4.75534150479
0.00389533295558
4.74860699802
0.00326840727269
4.75677848533
-0.0184042318888
4.76764794208
-0.00435564617402
4.77989565423
0.00424934269294
4.79129312305
0.004060639442
4.79944955381
-0.00698258474747
4.81888731367
-0.00361999809683
4.82153135075
-0.0104585463053
4.82169443783
-0.0118221316982
4.82569874075
0.00347536389936
4.81823084577
-0.00154457237383
4.81513843267
0.00320668345507
4.80965299223
-0.00206136878024
4.81269602489
-0.0259802074112
4.81263349974
0.00870399179108
4.81775183243
-0.000654143412306
4.81240828659
-0.0235145123731
4.81944768985
-0.0101080426263
4.82051937122
0.00972598539271
4.83084053166
0.00379408562686
4.84356427787
-0.0064987067798
4.8539632383
0.0237612456813
4.85909321193
0.0118648505469
4.85184815568
-0.00128772032655
4.85048339488
-0.00420738027446
4.85340416206
0.0279594360379
4.8517724163
-0.00362833686184
4.85487656739
0.0067357011293
4.85296714387
-0.0203515615243
4.84551535289
0.00799366067631
4.84985122549
-0.00401863232763
4.8560740515
-0.0103808460379
4.86700127825
-0.00658056510914
4.87493320271
0.00579460982155
4.8849820599
0.0011988434207
4.89220670432
-0.00329024736978
4.90178521847
-0.000243978393475
4.90614306205
0.00634409840289
4.90190623779
-0.000734960733181
4.90118536727
0.00697756922632
4.89640646606
-0.00134914475809
4.89306576852
-0.00261293702695
4.88582363867
-0.00881927862027
4.88352046884
0.013433961093
4.88673527819
0.00754681270991
4.87639062743
0.000443920761138
4.87112743234
0.000696958485086
4.86726263395
-0.0163547478769
4.87131664784
0.0105735945625
4.87009678888
0.0108205090844
4.87274791636
0.0112663367326
4.87073521419
-0.00442421382976
4.8702920906
-0.005617535991
4.86724338443
0.00740401373443
4.86169298826
0.0107991222461
4.86292436586
0.000322139980623
4.87133292088
-0.000473535875874
4.8802887634
-0.0163185087778
4.8849292936
0.00812982581869
4.88269270985
-0.00932067630685
4.88332041625
0.0244243078232
4.88499293785
0.00183785070968
4.8850109413
0.00423365881984
4.88997799343
0.00917133778801
4.88278073282
-0.00378674654517
4.87901603888
-0.0064872683883
4.87309849135
-0.0210521010556
4.87166284716
-0.00469890762756
4.87412601286
-0.0206483368583
4.87209556989
0.00402703939131
4.87269424829
-0.00486979418421
4.87162886469
-0.00407145350081
4.86633728482
0.00931205647598
4.8745220673
-0.00187804891303
4.88038865458
0.00401663000643
4.8841876649
0.00858877171665
4.87673933169
-0.0116271714868
4.88238251487
-0.00223279527738
4.87786738941
0.0023503794189
4.87823322921
0.0100636858852
4.88212516449
0.0043836206456
4.88462409085
0.00743857737558
4.88143958331
-0.00773248821051
4.87935166887
0.00852839397273
4.88249099194
-0.0177450481165
4.88299080833
0.0146513037355
4.86402928257
0.00982342055259
4.85761777457
0.00969497892818
4.86818377263
0.00433916962851
4.87651120941
0.000129797734919
4.87404932384
-0.014859405402
4.87745602877
0.00803145721273
4.86409552062
0.00360491137213
4.85529263073
-0.0124948504728
4.8614276824
-0.000714503019675
4.86067157014
-0.0180781144037
4.85602259015
0.0110284594555
4.86035237838
-0.0184572197904
4.86344938552
0.000399900900561
4.86280229722
-0.0131921095364
4.86753078383
0.00615639867895
4.87670551183
-0.00922951793766
4.87225337021
-0.00245380314623
4.86683832227
0.00881887995565
4.8640850437
-0.0108780651796
4.86403664282
-0.0178045782203
4.86723171463
0.00105294167013
4.86514067367
-0.00688937031171
4.86908144142
-0.015170828893
4.86372363955
0.00979743945931
4.86274406469
0.00999921899197
4.86199951551
-0.0012640881578
4.86013378225
0.00245826860789
4.85540017594
-0.00716083908878
4.85782117965
0.0102768081109
4.86075148303
-0.0121970447023
4.85461109581
-0.0245321095367
4.87044928975
-0.00993165058863
4.8693266244
-0.00740071129777
4.87186810483
-0.000571082190712
4.86241038839
-0.0103495629341
4.85559341163
0.00093739253755
4.83859534726
0.00655328599008
4.83484925661
0.00882733053634
4.83128900196
0.00215587857591
4.83668060206
-0.00675579314774
4.8326868255
0.00951875877402
4.83433301598
-0.014208630119
4.82550960326
0.0103155010783
4.8282154562
-0.0121077023651
4.83087210906
-0.0168519720926
4.83927568608
-0.0112897334039
4.82893246703
-2.16297451161e-05
4.81869651305
0.0108981478271
4.81725204629
-7.60197140708e-05
4.80719429565
0.00527327112135
4.80755876136
-0.00230082040134
4.80642912328
-0.0133392103746
4.80609823401
0.0101707956846
4.80849711404
0.0108855942065
4.8086606502
-0.0169879991041
4.80649560028
-0.0178427839416
4.79570065274
-0.00340014562088
4.79018824045
0.00624650678342
4.78916260204
0.00931027128116
4.79081065708
-0.0358958880807
4.78621336775
-0.0384467685027
4.77766306861
0.0104906692765
4.77863747991
-0.0182074632806
4.77834612371
0.0286375728329
4.7697127201
-0.0293577804067
4.76980082166
-0.0123178488855
4.76580970865
-0.0022679068242
4.76478791649
-0.0134615700498
4.76250320379
-0.019491513437
4.7562414021
-0.00911897850439
4.75210255005
-0.00826240198184
4.75063110698
-0.0176818458867
4.75512468462
-0.0124052255879
4.74649709661
-0.000853327815301
4.73830746734
0.00918551067347
4.73172169558
0.000844913934449
4.73070513935
-0.00031175991674
4.72316039811
-0.015055671363
4.7230340062
0.00265441386372
4.7147983041
0.0129105290437
4.71060466329
-0.0366804123996
4.70739920747
-0.0195446583078
4.70826658847
-0.0366551892255
4.70182625801
-0.0082182363435
4.70058090458
-0.0083598496116
4.6914145878
0.0302394268289
4.69210826047
-0.014264230486
4.68543634961
0.00483876779859
4.68701301465
0.042189662217
4.68741956593
-0.0147696000034
4.68236548224
-0.0166515045083
4.67333914642
0.0268449134295
4.66627479528
-0.00155932127497
4.66409958513
-0.00831331971583
4.66065319987
0.000146304515908
4.65849441837
0.00837497205579
4.6457067367
0.00110553688745
4.64196935342
-0.00273584183064
4.63813133268
-0.010118535138
4.63460945793
-0.0038738404392
4.64065501618
-0.0097773181415
4.64220444161
0.00168419273007
4.64081392291
0.0273343716263
4.64196445418
0.00620599892739
4.63832326134
-0.0034551142481
4.64214254517
-0.0374823269354
4.63415394882
-0.021024811698
4.63167773514
-0.0385904287874
4.6339529853
-0.0116969158803
4.63178831313
-0.0308347270931
4.62530463975
-0.0104044269225
4.62367489838
-0.012151921081
4.62193218429
-0.0182730715505
4.60894351875
0.0269235265868
4.60223317099
-0.00162455940865
4.59755520476
-0.00467324567728
4.5902145223
0.00100638799319
4.58277993439
0.00424099932241
4.58041350104
-0.00808602210766
4.57623908172
-0.0124406962095
4.57478622296
0.0270089379163
4.55919997107
-0.00477330938381
4.55368242152
-0.012752677084
4.5431895617
0.00610979843219
4.53884518283
0.00142232633057
4.53257720016
0.012568995181
4.53566364458
0.00469175983781
4.53344456181
-0.0131703316452
4.53744651796
-0.0123892842869
4.52917891998
-0.0008279489295
4.52805275406
-0.00618296999133
4.52634097934
-0.0139921473521
4.53212215316
-0.0136580287593
4.53443407638
-0.0335232802369
4.52925354811
0.00244890404788
4.53085241786
-0.0303630530759
4.5211728859
0.0261731810112
4.52331778009
0.00942378826548
4.51875782115
0.00102969357398
4.51318247707
-0.00821742525536
4.50440372022
-0.00884601646662
4.5000242465
0.0130245390756
4.48927545587
-0.0238937650503
4.48312700044
-0.0290472590617
4.47749522781
-0.0273312684089
4.47183540585
-0.0283738310009
4.46881205191
0.02631418275
4.4615098469
-0.0270548455695
4.45811011271
-0.0137727602045
4.45336189088
0.0276088753714
4.44268564739
0.00044872689808
4.44569840989
0.00692262161263
4.43925278588
-0.00158121787236
4.43939605196
-5.53628572141e-05
4.44022317228
0.00182135444628
4.43918934445
0.0266972771761
4.43460289837
8.55943637744e-05
4.42268443417
0.00367672775389
4.41358080434
-0.02257559842
4.40501603066
-0.0247465513811
4.40277872012
0.0143430004862
4.39401333837
0.00198035969779
4.38288385941
-0.0126146325187
4.37625757895
-0.0126508796202
4.36520249689
0.00075853951632
4.35619719232
-0.0200674596385
4.35115768249
0.000792510092882
4.35177266703
-0.0133689808895
4.34197062387
-0.0141432658551
4.33965134884
0.00227265719851
4.30933534299
0.000840110944507
4.30043020991
0.000570298465396
4.27813223337
-0.00391663328378
4.27517463478
0.015497801229
4.27399776991
0.0251848675582
4.27122748627
0.00941704036968
4.26942621855
-0.0217424949324
4.26504778432
0.00180586278301
4.25770005943
-0.000872794677221
4.24930706589
-0.0126439189811
4.25056226164
-0.0116071713559
4.2471994987
0.0277434168998
4.24077276601
0.00989936929166
4.23920036965
0.00638316486914
4.22616576299
0.0130607561853
4.21606420716
0.0115667036527
4.21412140712
0.0286366759619
4.20328348455
-0.0136444528165
4.18945262488
-0.00392646014329
4.18510305601
0.0186203458497
4.17678007612
-0.00530453250417
4.17459096566
-0.00357451159812
4.17055208607
0.0252527319131
4.17021408596
0.000902762261655
4.16649415036
0.00180829110322
4.14412717145
-0.00487905883084
4.14088452052
0.0142905317772
4.13050321387
0.0127596962339
4.12074794452
0.00132504841389
4.11707151822
-0.0150455206758
4.10843710538
0.00516359787692
4.10155070358
0.00955160294378
4.09903173377
-0.0142802174198
4.09693178842
0.0244289173287
4.09504405959
-0.0147281987257
4.08313674087
-0.0227079583505
4.07438888599
-0.00456852205929
4.06418681247
0.0041869553908
4.04811308514
0.0129844926091
4.04873920139
0.000545687765219
4.0527424655
-0.0320771349162
4.0386802482
-0.00494162961694
4.03344153262
0.00567170466355
4.02607540939
-0.0123086136905
4.01904955922
-0.00587178454655
4.01093067214
-0.0243343645926
4.00556234536
0.0254334936933
3.98254326099
0.00441436331953
3.97673243325
0.0129914086536
3.97116031311
0.0215571422365
3.96434522889
0.0133586704094
3.96039160406
-0.00582146532451
3.9558765862
-0.00494795078821
3.94747069941
-0.00425254440902
3.940493709
-0.00710321914889
3.93501989027
-0.00130488984147
3.93326905355
-0.00535525720892
3.92977356418
0.00545623012719
3.92266975332
0.0240637202817
3.90383796058
0.0297441539482
3.89574960967
-0.00970999132809
3.89574960967
-0.00970999132809
3.8819418138
-0.00387499884847
3.8803935999
0.00509916154933
3.88093297063
-0.00435577376841
3.88399751028
-0.0004574884234
3.87798288189
0.000722262540627
3.8686338669
-0.012872664732
3.85668603957
0.00013115598011
3.83574287101
-0.0131961383114
3.82008460948
0.0156370669795
3.80732028884
-0.00355341548823
3.79780320364
-0.00506298280416
3.80048943788
0.0123727565566
3.79490411289
-0.0176040523547
3.79510192039
0.0145138521606
3.79350378288
0.00807926037986
3.78044674216
0.00240795933749
3.77104678157
0.00509152353422
3.76254001463
0.00166673770437
3.75638295555
0.00881669221629
3.74856675035
0.00484002231381
3.74039712157
-0.00134955750545
3.73624245238
-0.00881480603298
3.73302053568
0.0236955358909
3.72352262456
-0.000889287161114
3.72269971296
-0.0088052134272
3.71355927791
0.0222148437803
3.69271631656
-0.000657903174764
3.69820101291
-0.003246512045
3.70003970118
-0.000829605592121
3.69750301381
0.000227808920007
3.70353005864
0.0152021405226
3.67801482987
0.0034385449926
3.66601814626
-0.00510125921298
3.64552230525
-0.00429525774397
3.63945499746
-0.0121385668786
3.62438921223
-0.0327412401102
3.62354002573
-0.0275604484081
3.61279397969
-0.00951958534889
3.60731753143
0.00494231257125
3.60927175753
0.00168134071412
3.60518748755
-0.012376900245
3.59423760355
-0.00468622698674
3.58818456398
0.000374647770086
3.59119818136
-0.00159876705457
3.58860233101
-0.000575154539194
3.58432320392
0.000723268484985
3.58034674912
-0.000313736140528
3.57226059425
0.000518621869487
3.5628662599
0.0117365412681
3.55749690472
0.0152173709338
3.55368354129
-0.00297571835281
3.54750052671
-0.00413660779399
3.53001504306
-0.0114735253476
3.50878435757
0.0128315471691
3.50187613207
-0.00222748512966
3.49665613198
-0.00972647209538
3.48168751904
-0.00830934719272
3.48225527668
-0.00193439699657
3.47411520386
0.00422027598061
3.47333482096
-0.0120700973347
3.45532201728
-0.00534274567797
3.4412845689
-0.00518372749544
3.43737748937
0.00158317856439
3.43820019238
0.000880683940095
3.43384268869
-0.000903591900542
3.43066977415
-4.21360729081e-05
3.42591839872
0.000478318337862
3.41979715876
0.000431372217207
3.41563120786
0.0110588047287
3.40559760774
-0.00522233870671
3.40536073252
-0.00214426779089
3.40190657884
-0.00041626684412
3.39825398862
0.00102837933035
3.38167123389
0.00127984850358
3.37673224198
0.000778655258467
3.37405444789
-0.000247245843835
3.37972174641
-0.00024297737347
3.37156607141
-0.000268191429379
3.36352641283
0.0205704053417
3.34265807056
0.0029521373328
3.33435880382
-0.00389475638591
3.33252653089
-0.00349853914962
3.3249548366
-0.00971776667824
3.32991940786
-0.00982135193647
3.31866287151
-0.00497417687927
3.31290950401
0.00777307582328
3.30631899184
0.00853864009546
3.30206315441
0.00821057303226
3.29492357758
0.00747615550916
3.28763574078
-0.00564865431555
3.28290487221
0.00718435159191
3.27395190332
0.0185310535512
3.27422829819
0.0255703574581
3.26783691192
0.0237303533935
3.26320418647
-0.00389308560596
3.25649410227
-0.00576328514801
3.25356694398
0.000303770171293
3.25276227621
0.00926370029458
3.24245495189
0.0136846750223
3.23293442985
0.00957347414979
3.23414295698
0.00377570574222
3.22910953186
-0.00299975417366
3.21655235826
-0.00512186942338
3.2164324736
0.00418559884411
3.20584158854
-0.00604904184148
3.19810964626
-0.00474258758667
3.18588288295
-0.00664020762262
3.17807625391
-0.00443446485573
3.17365588401
0.00308569032389
3.17228987366
0.000212043652463
3.17651457909
-0.0129085703551
3.16399995583
-0.00387604250883
3.15370882042
-0.00496760483702
3.13665374365
-0.00184983561417
3.13371560418
-0.00481358143664
3.11313147074
-0.00395968465967
3.10291627187
0.00772866493428
3.10251567569
0.00280210641171
3.09864259837
0.00754683839008
3.09686785685
-0.00532043142463
3.08495578439
0.00403663084979
3.07922056035
0.0201645181039
3.08133162146
-0.0229682634957
3.07402720412
-0.0120291974123
3.07759579177
-0.0196355649403
3.07198689349
0.000504186885671
3.06839363087
2.92274399594e-05
3.07242242306
0.0140842963595
3.06031237217
0.000398974790912
3.06139480739
-0.00354157374767
3.06042292469
0.000242063466601
3.05892924905
-0.000641714626537
3.04325778189
0.000362359542587
3.03670727133
0.000206178808667
3.04113721907
-0.000381273613942
3.03122727195
0.000111795044259
3.0060909953
-0.00933281206132
2.9863336407
-0.00502101126169
2.98792610546
0.000580660298957
2.98579266098
-0.000272293021819
2.98437524511
7.53668405628e-05
2.97193309485
0.000506907566938
2.96716644208
-0.0210723777096
2.96074746279
0.00791396299913
2.93677105947
-0.00334248816642
2.92211175393
-0.00508349963569
2.92006393799
0.0281804892929
2.91531954492
0.0178055644866
2.90854919638
0.00658729967386
2.89896942668
-0.00498758450496
2.89339867202
0.00629775380596
2.88452556663
-0.00483353339467
2.87862835343
0.0077735400528
2.8641869507
0.00648655326536
2.85571995
0.00271881990501
2.85231294654
-0.0209018474839
2.85329013303
-0.00264271573002
2.8499681379
0.0257435961398
2.85313506501
-0.0134511836984
2.85322123674
0.0123061219231
2.85131235507
0.00354325402823
2.84232074622
-0.0108461818364
2.83013793701
-0.0221835669577
2.81457156424
0.00310074085802
2.81144899348
-0.00492733285445
2.8074848922
0.0235563475035
2.80593103208
-0.00400524455824
2.80114272224
-0.000657450353082
2.7985527709
-0.000352457596557
2.79635932293
0.000477980072378
2.78493273023
-0.000262083288242
2.78420319893
-0.00221102298938
2.77882810266
-3.65049526748e-05
2.75741429282
5.58221586591e-05
2.74262098921
-0.000290747811563
2.73383277113
-0.000520811746258
2.72412677035
-0.00047309166951
2.71221949416
-0.000242940935466
2.70503306377
-0.0200577850474
2.70519309205
0.00130016201569
2.69416046629
0.00148566445906
2.68587275116
-0.00323388553084
2.67156317122
0.0208266766322
2.6571495448
-0.00552430307436
2.65095000409
0.000384273600334
2.65705813549
0.000117369004708
2.64317233035
-0.00547167909331
2.63636764092
-0.00528243424366
2.63186692282
0.00294245143857
2.62708024941
-0.00218761020474
2.62455280312
-0.00139479787723
2.61838947059
-0.00672728860223
2.61269526553
-0.00334866344456
2.60545412805
0.018449379325
2.60241612374
-0.00146091576243
2.60053028642
0.000396101047544
2.58922267164
0.00350631860318
2.58598372445
-0.0125607810426
2.58093301603
0.00973378268652
2.57468725685
-0.00542751408394
2.57480474526
0.0174743479584
2.57424088056
0.0112750273717
2.5653117909
0.00860598199017
2.55923802835
0.00590839842802
2.55779139985
0.00297591380628
2.5642802653
6.49777987347e-05
2.56787377286
-0.000680186533333
2.56982372438
-0.000310634495117
2.56691558502
-0.000435435164182
2.56413227412
-0.000536789731091
2.56446257946
-0.00077374133519
2.56844122414
-0.000304802384714
2.56219089977
-0.000414848184255
2.5414229388
-0.000255102193309
2.53948946772
0.000905703491833
2.53277039332
-0.000592827205522
2.52759560767
0.000499718176453
2.51755761751
0.000283559904526
2.50845028219
-3.44119881779e-05
2.49262258078
-0.000524202766413
2.47802178544
0.0116756850739
2.47880303453
-0.0188773224609
2.46283636085
-0.00440774863773
2.4581976837
-0.00215984662707
2.4526700903
-0.00372177978538
2.44789201152
-0.00345073773583
2.44124713655
0.0177992430048
2.44367986074
0.00243311153647
2.4472240486
-0.00784823736739
2.44009951905
-0.00110287492403
2.43616581931
-0.00409982178829
2.4292427586
-0.00556888113534
2.42242478476
-0.00377313338285
2.41673232094
-0.0109694109989
2.41145325892
-0.00592341137304
2.41425759459
-0.00639130375038
2.4102129784
-0.00404482805531
2.40701180697
-0.00341160156426
2.41053476158
0.0136688893253
2.40475970607
-0.00848440533075
2.40217215096
-0.00463211080437
2.39629805185
0.0170167466642
2.38709642212
-0.00350506691278
2.38097661061
-0.00351055579213
2.37939243856
0.0165188234847
2.37569585437
-0.00151210172269
2.37816494573
-0.00874798092962
2.37636121603
-0.0116863965596
2.37388118224
-0.00656018745822
2.37674700533
0.0130644741394
2.37527967253
0.000502142359171
2.3542989304
6.87536180326e-05
2.3530207706
8.68181363674e-05
2.35631122426
0.00181599589343
2.35117430545
-0.00327476062181
2.34873598146
-0.0123797965597
2.3433483837
0.00363837935668
2.34426700934
0.000306290536301
2.34142004314
0.00665624369341
2.33625429419
-0.013657798055
2.3359475547
-0.0138581450714
2.33250619908
-0.0281036203478
2.33050220046
0.0184780997509
2.33281342229
-0.00365217168521
2.32693268629
-0.0126131874781
2.32539871758
0.0218184918363
2.32483055431
-0.00297045489116
2.30976598327
-0.00161123151526
2.30625341245
-0.0160090708422
2.30141909236
-0.000144913688579
2.30806600757
-0.0109769360453
2.30940126217
0.0194132076756
2.30222704836
-0.00802678851508
2.2971129138
-0.00535768997579
2.2887187523
0.0189398244152
2.28984224577
0.0377574123758
2.28836519477
-0.00581503216041
2.28445038054
0.0183205594852
2.28634827812
-0.0179576298618
2.28330573412
0.0187278308656
2.28171783624
0.0178269506493
2.27728738107
0.0287233970731
2.27517531026
0.00292947526935
2.27372125365
-0.00305354567652
2.26945963965
-0.00278272231192
2.26716286751
-0.00278758137408
2.26555231118
-0.00278833080185
2.26642965333
-0.00283379293192
2.26286017491
-0.00144276378524
2.2617461426
0.00102542462338
2.25740520695
-0.00027133186887
2.25557444974
0.000440273261857
2.25325468846
-5.79673602062e-05
2.2493255206
0.000785411122003
2.25070354153
-0.000810910765203
2.2508771411
0.000493217965449
2.25039426317
-0.000531948362847
2.24957926637
0.000180168821871
2.2484829312
4.11418519602e-05
2.24745645711
0.00044059485976
2.24724893096
-0.000753337857519
2.24912592192
0.000800796792912
2.24922794234
0.000590773373543
2.24937619275
0.000731713499239
2.24973251373
-0.000714606180584
2.24990702549
0.000638766215333
2.24951001894
-0.000550173439886
2.24902427045
-0.0003667306654
2.24896735363
0.00105235410661
2.25118686233
-0.00105897019117
2.25163770153
-0.000692925937465
2.25186423361
0.000662193925352
2.25186868027
-0.000615618006653
2.25182157534
-0.000573488801323
2.25169978113
0.00052064354029
2.25165512812
-0.000714313509824
2.25210139132
0.000883867068635
2.25309703819
0.00112366829019
2.25394427992
-0.00116621909107
2.25506421517
0.00119504363163
2.25636558273
0.000818703395914
2.25646489517
-0.000411204200417
2.25811282414
0.000879522994528
2.2601917367
-0.00129969100542
2.26227559415
0.00106171406521
2.26460151312
-0.000609880342368
2.26506186273
-0.00064781629109
2.26554628621
0.000767833335231
2.26613266538
0.000643142891947
2.26657025422
-0.000337539271942
2.2668597449
-4.73397111076e-05
2.26722077989
0.000349719379414
2.2673162198
-0.0217946842609
2.27067928328
-0.0123088161447
2.26948015377
0.00380681864679
2.26996028091
-0.00250333211908
2.26819492055
-9.33419923374e-05
2.27210032582
-0.0194713508931
2.27426660459
0.0250734234746
2.28054505323
-0.00155045997926
2.28267901897
0.00238326463708
2.28386251235
0.00271391660806
2.28487504027
-0.00228089307197
2.2860126402
0.00233334261662
2.28747591121
0.00234903328426
2.28777610428
-0.00238263968343
2.28823667759
0.00275020759085
2.28896095419
-0.00243668947673
2.29028215981
-0.00270728840989
2.2911142844
0.00308760809676
2.29300884219
-0.00254727717508
2.29343214964
0.00382413668134
2.2958968116
0.00355846447134
2.29819112419
0.00385153861171
2.29999634908
-0.00260879807584
2.30122190047
0.0131744214486
2.30380926638
0.00207056067409
2.30435898042
-0.00283394200139
2.30532360455
0.00385503337049
2.30739031977
-0.00348030419879
2.31479988192
0.00268976918559
2.31782800532
-0.00285208995726
2.31943555808
0.00270505860026
2.32272971811
0.00259616698799
2.32487301063
-0.00203571219988
2.32780654139
0.0213997157581
2.32792480888
0.00251218289571
2.32825697779
0.00448138850014
2.33093399265
-0.00641402440197
2.33331192483
-0.00640454603655
2.33720926308
-0.000764291178557
2.34148882999
0.00311310281864
2.34586880141
-0.00481329683344
2.35016719405
-0.00950538267348
2.3552291681
-0.0175276341752
2.35780791868
-0.00930798567626
2.36033973658
-0.00328069021191
2.36781624114
0.00380822069689
2.36916930982
0.00361906492234
2.37072429753
0.0054867189663
2.37650392572
-0.00453825838287
2.38384164962
0.0050125677354
2.39249115076
0.00470566884855
2.39358657939
0.0054049347733
2.39483045803
-0.00680829357774
2.40083106435
-0.00368687879611
2.40328636996
0.000273252824459
2.41222552143
0.0136537144152
2.42149748604
-0.00254044283575
2.43166393853
0.00420684825588
2.43366356234
0.0289801980623
2.44146869221
-0.0108272069085
2.44753666009
0.00391891812561
2.45229198626
-0.00271976057566
2.45692778313
-0.00623099710498
2.45937694014
0.00467571554341
2.47167333224
0.00496088792336
2.47646883932
0.00313208660244
2.48074352406
-0.00269114185782
2.48317750241
0.013021936395
2.4861481386
0.0197732834457
2.48370742965
0.0314380127596
2.49043289277
-0.00223585293733
2.49268399036
-6.32613619272e-05
2.49490440422
-0.00231014952363
2.50078002557
-0.00636427459435
2.51029901849
0.00473467655738
2.51721844582
-0.0064482521838
2.53012466765
-0.00217980792866
2.53120706272
-0.00732037607965
2.53823089307
0.00394903252821
2.54508699839
-0.0209371668685
2.54614950552
0.00392396148118
2.54683236672
-0.00771678658409
2.55179556928
-0.000285532714666
2.55525795682
0.00448459709385
2.56186929812
0.0137597005868
2.56457589378
0.0224816344089
2.57025930786
0.00535025599934
2.57691167441
-0.00476589484362
2.57881077846
-0.00572738497049
2.58001464281
-0.00650512059706
2.59595818192
-0.00772642208195
2.60768526163
0.00995382703487
2.6150452017
0.000438596295917
2.62331951594
0.0056620039667
2.63046887087
0.00562144848784
2.6273437349
-0.00867451653787
2.62883345055
-0.00764733624916
2.63117926832
-0.00609509650592
2.6424418746
0.00844548919868
2.64324687537
0.0060966339566
2.65140114703
-0.0170086757475
2.66303217322
0.00410047686638
2.67050561726
0.0135630675452
2.6740128183
-0.0116471793142
2.67601416348
-0.00320895224206
2.67971243368
-0.00375094055222
2.68460393759
-0.00666807064472
2.6917550905
-0.00235468002139
2.69685221172
-0.0034877687742
2.70285678822
0.00528530713714
2.70548224948
-0.00659923160823
2.71067208059
0.00517587712545
2.72007602325
-0.000175834530392
2.72646948818
-0.00618391840565
2.73175267694
-0.00643065618339
2.74599117152
0.0178790934872
2.76219276994
-0.00592515520374
2.78124516446
-0.0116444807551
2.78492590004
0.00575692889381
2.78595150549
0.000826873905521
2.78610489116
0.000601658929402
2.78490101981
-0.00318838382043
2.80004239857
-0.0084604647218
2.81727796078
0.00602531191638
2.83314051297
0.00335689834568
2.86234863941
-0.000398731948678
2.86450042578
0.00483719330718
2.8659041169
0.000651988594384
2.87679266775
0.00449431220398
2.87826709349
0.00489199387896
2.88416988046
-0.00788525668082
2.9054072094
0.00471597248066
2.9179589963
0.0171502139591
2.92637129327
0.0271923736159
2.93941245554
0.00231305974655
2.94619729878
0.00524315415574
2.97036328699
-0.000231970026714
2.98254858177
-0.0144741519144
3.00054899596
-0.00215433394395
3.00847764506
-0.00520892063278
3.03178815236
-0.011193685133
3.06159640341
0.00529447790353
3.07428200675
0.0150756747519
3.09214788001
0.0158119972683
3.10073027797
0.0213734885418
3.12032064933
0.018694256396
3.13532937023
-0.00962071225241
3.14526878242
-0.0104977255727
3.15493246704
0.01941583463
3.16646758562
-0.00516483200143
3.18154183297
0.0038698554364
3.18447669121
-8.08703102043e-05
3.18419249524
-0.0123908349958
3.19690863185
-0.0227311650648
3.2184881762
-0.00885107653719
3.23531226285
0.00106007728626
3.25352707297
-0.0110281590155
3.26920375263
-0.00888160964105
3.28413066615
-0.00176656193654
3.29492138299
0.00662469783768
3.32256795465
0.00624454040973
3.33916927992
-0.00490393351044
3.34278811034
-0.0113985215533
3.36315749345
0.00408321179271
3.37703864226
0.00578800912001
3.38684394239
0.00544208026366
3.39511983832
0.00562007754649
3.42837136797
0.0199884444241
3.46082134872
-0.0136464025288
3.4901753338
-0.00265192400011
3.48018400776
0.00448203188657
3.49019860941
-0.000697514087608
3.49485872537
-0.00193880357532
3.51057663205
-0.00195884880553
3.51015088266
-0.000110866933183
3.60305307837
-0.0117442076736
3.62083843061
0.00660919333255
3.64115485535
-0.0105436152691
3.66721387721
-0.000814619958902
3.66707983289
-0.00892474601143
3.68344326578
0.00443884400481
3.69852573542
0.0207898974556
3.71870761302
-0.00375602949524
3.7380671331
0.0306144812985
3.74528302053
-0.0206591822409
3.74666211343
-0.00979013132719
3.75450621367
0.00337612542502
3.75451113054
-0.00358849171901
3.77007433669
-0.00197893910018
3.7861612452
0.00919800990425
3.79150235071
0.00144141120097
3.79230284982
-0.00338603179507
3.8066446733
-0.00338869765607
3.82879180469
0.00187136057789
3.84109072345
-7.81868016086e-05
3.86008881459
0.000869128558996
3.86896692909
0.0150607270714
3.87858175414
-0.00294350803009
3.88237290084
0.000179162547952
3.89348787704
-0.00347466031939
3.89397959768
0.00287229813768
3.90760652893
-0.00147027261975
3.91547321266
-0.000263791725036
3.93717743585
-0.00122233684131
3.94761328364
-0.00211918466163
3.97492601408
-0.00231505756826
3.9953361479
0.00923560703984
4.00820383053
-0.00255640501298
4.01825132518
0.012154815114
4.03873494368
-0.00214425065262
4.04987875036
0.0124672014266
4.06450667253
-7.79928695711e-05
4.06236298491
7.37226844374e-05
4.05999062404
0.000857247329238
4.07582082373
-0.00178226660594
4.09529265517
0.0186208790106
4.12781940933
0.00142811175635
4.14098643016
-0.00499858918826
4.15453969977
-0.00224827312138
4.17424111502
0.00410543286577
4.17392211124
-0.018887783994
4.17977169923
-0.00275621651413
4.18664146353
-0.00568211418964
4.18743788871
0.0109765635483
4.19900366962
-0.00147642487486
4.19980149635
0.00202568211861
4.20122599377
-0.00361119753029
4.20555526738
0.000684163098715
4.22567643322
-0.00458705560641
4.25058277699
0.00426344542768
4.27185145014
0.00570207734034
4.28689042858
-0.0160824491137
4.28189316478
0.0042896084925
4.28521417602
0.000356259411336
4.28572785195
0.00264571042149
4.28877397992
-0.00499845028974
4.2917276099
-0.00111746969876
4.29187528396
-0.000385734622422
4.29475778583
-0.00218402497729
4.29452453158
0.00288593569853
4.28619851628
0.00230993985979
4.27484533512
0.0317223476438
4.28106024435
-0.00285423631573
4.27791638273
-0.0016243908565
4.27689190877
-0.00280584762738
4.27796032327
0.00337316048409
4.28061111808
-0.00374466242754
4.30332810572
-0.00586259380193
4.31741258685
-0.000306869025945
4.31884633735
0.000408077526289
4.33012722716
7.64724483429e-05
4.33826974561
-0.0190193788802
4.36286787877
-0.000770669805512
4.43872708992
0.00101192135989
4.45021614976
0.0131286806248
4.45470420821
-0.00894745777516
4.46415594825
-0.00383229765171
4.46570814123
0.0162754758671
4.52602471696
-0.0018853768213
4.54374215803
-0.00199990539233
4.56934313077
0.014501953302
4.58887500747
-0.00107333674833
4.59079715929
-0.00223779955778
4.58782243583
-0.0029602997619
4.58900217388
0.0190304406658
4.58776853819
0.0120563262688
4.58499528011
0.0124489616023
4.58648422413
-0.00333376180237
4.58757782944
0.0179352015046
4.60246602659
0.0119747937112
4.62527056158
-0.00130356010696
4.62836418882
-0.00395972695488
4.6275722043
-0.00310512295179
4.62839062514
0.00413188097885
4.63110527753
-0.00429760297931
4.63304384553
-0.00322592568625
4.64406669953
-0.00506423793428
4.67337302328
-0.00700402411381
4.69564797464
-0.00518246906046
4.69854643985
-0.0204976691568
4.71183921376
-0.0019042128694
4.72514518534
-0.00115174050612
4.74952092167
-0.0108463891105
4.75679268647
0.0194095736743
4.76974959881
0.0117285155239
4.7623527599
0.00347995921478
4.76146844139
-0.00245361926989
4.77271459762
-0.00761830806375
4.77433612711
-0.000724049587918
4.77224652341
0.0103773756927
4.7785969348
-0.00189990290784
4.77577723543
-0.00538057647542
4.79303617079
0.000978909864079
4.81484129439
-0.00529329757666
4.83446294172
0.00799486351602
4.84814558914
0.000470961491485
4.84017412072
0.00579494540588
4.83496050898
0.0105493117793
4.82748205567
-0.00755629167809
4.8339096594
-0.026044905195
4.83650886775
-0.00140301597804
4.84295802756
-5.37050026234e-05
4.84958821733
-0.0282749436693
4.87659003156
-0.00228816248625
4.87889465693
-0.0250012946758
4.88567236168
-0.00180757483541
4.88870494415
0.00678430247092
4.89294134386
0.0222442429496
4.88606296057
-0.00885459627503
4.8870802536
-0.00507713977773
4.90452204717
-0.00218596881234
4.91236242379
-0.0138006035315
4.90774123961
-0.0102564634653
4.90339948644
0.0187817632222
4.88734060151
0.00358608046427
4.89265969482
0.00581364011163
4.89694299887
0.00950013204981
4.89648979602
0.0111465427186
4.89581755296
0.00513136963928
4.88432151562
0.0170818495556
4.88349559711
0.00802494072906
4.88649459146
-0.00275606882989
4.88559059784
0.00129352249455
4.8877764632
-0.00512387641164
4.89491059457
0.000753252185805
4.88996179292
-0.0348014909555
4.88445045089
-0.00152640847553
4.8833162937
-0.00102624911582
4.89328880428
0.0177506851914
4.88771995588
-0.0225146994543
4.88811274521
-0.00860356739342
4.88773676312
0.00345253798391
4.88540068288
-0.000484340499724
4.87691008861
-0.00519855573762
4.87531055084
0.00285352173233
4.87819786367
-0.0187991590699
4.87700263872
0.00169933691847
4.88044915578
0.00874067695617
4.87858999795
-0.000186161092308
4.87487382289
0.0165115698531
4.86608266934
-0.00750940056567
4.86466393748
0.0251801757054
4.87086907539
-0.00252292996928
4.87334135781
0.0149411552289
4.87383937839
-0.0198771370398
4.87354737985
0.00502564552913
4.87523501843
0.0138229113496
4.87522400919
-2.73063071438e-05
4.87581508562
-0.0087252527916
4.86551191475
-0.00434389969807
4.85762965614
0.00920902486722
4.85619188026
0.00086559158977
4.85418715295
0.0123289042817
4.85638776117
0.00199420268737
4.86381810017
-0.00433293174825
4.85940997624
0.0128427126329
4.85271318803
-0.00893343722417
4.83986799046
0.00735020141016
4.82560191586
-0.00879520835284
4.81676912463
-0.023572378134
4.8164964372
0.00689882341936
4.80892551249
-0.0197831776205
4.80221211836
-0.00950428097383
4.80437883945
0.0233887270638
4.80497992567
0.026375590001
4.80762959956
-0.024038529303
4.79746111457
-0.0260240640957
4.8006827408
-0.0131645592009
4.80772957413
-0.00357438766447
4.80583697934
-0.0247712755017
4.80698061443
0.00522390155691
4.80332149821
-0.0133915624812
4.80015322896
0.0146152085145
4.80092306691
-0.0293635245506
4.79982898419
0.00456205504958
4.7876468121
-0.0267278287983
4.77994393767
0.00545372590544
4.78230637763
-0.000126609213676
4.77702058666
0.0170853222609
4.76942745993
0.00829348966232
4.77430929062
-0.00417111126713
4.76250807705
0.0138256322572
4.75575378234
0.0267186872561
4.74646937177
-0.0223516071166
4.74478539288
0.0119449209528
4.75195407253
-1.42473021388e-05
4.75273329215
0.0175391887275
4.75252828385
-0.0123958157905
4.75481335724
-0.00499309188512
4.74623473054
0.0110730739435
4.74045997867
-0.0219721858067
4.7353049733
0.0407267460567
4.73250958036
-0.00282234865192
4.73566173537
0.0138549962758
4.73099730671
0.0150620859335
4.71350420526
0.0068118994068
4.69823662111
0.0161587623086
4.68333997844
-0.0118045675894
4.68407765093
-0.0293887160737
4.68383581208
0.0117032221594
4.68460447896
0.00854991230346
4.67740602252
0.0185395320826
4.6795681645
-0.0327834329215
4.67822222268
0.000180187448225
4.66736383385
0.00840872909478
4.66085138675
-0.0113228454646
4.65778341054
0.00748080448489
4.64896393727
0.0041936030261
4.64987677947
-0.00402816784776
4.64477124407
-0.000344541965639
4.6407344835
0.00238638089061
4.64081893162
-0.0266811292595
4.6408127336
-0.00657964179183
4.6278030456
0.0032497362195
4.60965394712
0.0154427285158
4.61480963893
0.0141767689575
4.61325321841
-0.0133685257663
4.60529635941
-0.00126886432002
4.59600707198
-0.000209214822687
4.59191556833
0.00537393541485
4.58398116782
0.00881329464065
4.57911519567
-0.0118105761546
4.57627690191
-0.00210742331915
4.56754469794
0.00586438437283
4.56568111397
0.00610610103692
4.56401308868
-0.0021891330273
4.55499852436
0.0191936372394
4.53941274423
0.00936505963774
4.53598669664
0.00165575574984
4.53445412828
0.00239965888898
4.53308723415
-0.00354714684606
4.52344868115
-0.00583025685666
4.52532902006
0.0235949033575
4.51816284904
0.0266981891801
4.51321988721
0.0259553197785
4.503665784
-0.00683677095109
4.50111303266
0.0195725562683
4.50750833531
0.00238280268734
4.50354760587
0.0198236987995
4.50232828052
0.0228414656176
4.4981312197
0.0270354140406
4.49225495277
0.0152670852667
4.4853294026
-0.0122309714077
4.48820197936
-0.0273976505374
4.48430845378
-0.0096447932172
4.48326259075
-0.00124019758693
4.48602393708
0.0142624949845
4.48307012165
-0.0258443163371
4.47834103926
0.0304246745463
4.47401083281
0.0223388312075
4.47321852546
0.00913176395398
4.47085375726
0.012840766567
4.45815846352
0.008084416319
4.45892327675
-0.0286339925252
4.4498699934
0.0288905202766
4.44619150126
0.0221098030155
4.44039657092
0.0262668706718
4.43561199623
-0.0254449071269
4.42120301318
0.0149836237961
4.41566837441
0.0151011400082
4.41050417732
0.0267484117252
4.40512074852
0.014094080342
4.39536731786
0.0132968575638
4.39066895758
-0.0279667782958
4.38512840861
-0.0270626713052
4.37834593416
0.0292900976204
4.37207915351
-0.0278519803443
4.36465012395
0.0135975559777
4.35865527996
0.0341965585423
4.35863524332
-0.033736647976
4.3519785216
0.000438323347489
4.3519785216
0.000438323347489
4.35636063661
-0.00563378294682
4.34966301231
0.0234004294678
4.34381800387
-0.000514969426461
4.3459447504
0.0016110730377
4.33791327518
-0.032549650377
4.32782795844
0.0234031422661
4.31894106335
-0.00314675622609
4.30605214364
-0.0340390604209
4.2896153105
-0.00780875197145
4.275142681
-0.0281235368381
4.26481549742
-0.00767273159614
4.26228787026
0.00870410049606
4.25976633532
0.0135843165479
4.25258128718
-0.0146002851957
4.25328850202
0.00698297534512
4.25271047526
0.0016656556212
4.25650103969
0.00397726247405
4.25454782846
0.0146690477826
4.2450166474
0.0300029043314
4.23004306624
0.0020882164981
4.2228060412
0.0138502036151
4.22444585795
0.0237063015866
4.22036928674
0.0141485235163
4.2132839825
0.0205008243441
4.20108362447
-2.91169703405e-05
4.19750042071
0.00329728952234
4.1930351775
0.0128590106287
4.19218193125
0.0144568708746
4.18480009359
0.00799614442115
4.18484782395
0.00127122420516
4.18875116277
-0.00107412376571
4.18299391927
-0.0116764686653
4.18735740809
-0.00549370885928
4.1728351643
0.0302360274659
4.16125248994
0.0114886855287
4.15418200063
-0.0307460960603
4.14480370125
0.00756832889113
4.13233580237
0.00769466064744
4.12790983869
-0.000997781694676
4.12581492124
-0.00999992102205
4.11643071026
0.0030776351554
4.11054410541
0.0237020440475
4.10486390915
0.0259610187755
4.09765389216
0.0120519050446
4.08772833902
0.00565647674601
4.09170282009
0.011680231495
4.08745550977
0.0245026570905
4.0772237442
0.0127657471912
4.06785448169
0.0133703211064
4.06406494771
-0.00108353116404
4.05760780784
0.00496995825627
4.02500962371
-0.000599314436915
4.02500962371
-0.000599314436915
4.0030873969
-0.00106782006604
4.0030873969
-0.00106782006604
4.0030873969
-0.00106782006604
3.97318328429
-7.7743217899e-05
3.97280638367
0.00592315480549
3.97165098775
-0.000575806267432
3.96499890658
0.0099445526683
3.94407484198
0.00843362257983
3.93263600021
0.0311851587756
3.91172454446
0.014094061474
3.90806295463
0.0263430878637
3.89924339469
-0.00502624773536
3.89181704888
0.0042405020362
3.88503967629
0.00119376748144
3.87751424792
0.00103486975833
3.87322060041
-0.000667262743426
3.86778584727
-0.000913606407184
3.86294276879
0.00373050750135
3.85509672408
0.00495441677503
3.8528546145
0.005691483735
3.84662282576
0.00473610986809
3.83756206187
0.0171946117085
3.82883992641
-0.00378167017544
3.82499879131
-0.0228960511955
3.81815229107
0.0246912408437
3.81195798086
-0.0243758990338
3.80589149244
-0.0248324918427
3.79817062784
0.0270874141856
3.78850178698
0.0189495144966
3.7847251607
0.0118482050829
3.78272526913
0.0275402626644
3.77487394402
0.00222364926671
3.77406800883
-0.00511877060701
3.7667434772
-0.00461231523957
3.75801909658
0.000154171840318
3.75575164879
0.0100385760587
3.74774304733
-0.0130023782436
3.744917943
-0.000196365671637
3.74186795794
0.00040308163303
3.74482094399
-0.00352905483188
3.73854288667
-0.00295624776198
3.7299208632
0.00555697002409
3.72780412471
0.0308858247744
3.71042105219
0.00682667579742
3.70392476493
0.0153449048272
3.70058407849
-0.00196737881512
3.6909247768
-0.000907213581081
3.68678399402
0.00391990964547
3.68489874994
0.000355597267061
3.67659965497
0.0170397105723
3.66565178555
0.00937989858211
3.6591388136
0.00948265702304
3.65383810171
-0.0233973397041
3.64488657086
0.0251035065221
3.64303144243
-0.0240244474463
3.63565729944
-0.0242499742066
3.62879494364
0.0192143977137
3.62132416365
0.00584904468922
3.61443628355
0.00712814940521
3.61566124617
0.0157555044976
3.60269405524
-0.0025478701337
3.59769464147
0.0295688321353
3.58317878264
0.000276428459427
3.58174229577
0.000306626787396
3.59237344376
-0.0156492471767
3.59588998358
-0.0032127020201
3.59676531944
-0.00344158844341
3.5909327609
-0.0217264807607
3.58252521131
-0.0238682410452
3.56209938072
-8.01887996959e-05
3.55719810095
0.0138677915975
3.55381141495
0.000605324076346
3.53704595338
-0.0124587286458
3.5386123299
0.0214570647826
3.53026558459
-0.0231863841416
3.52035498341
0.0189238434488
3.50886809265
-0.00224423129482
3.49723106374
-0.0236472762928
3.49350771471
0.0104656706403
3.47912857094
0.00770711382291
3.46842819549
0.0114872307097
3.45978201528
0.00562092653259
3.4467660392
-0.00030911691948
3.42962067728
0.000328599578659
3.42114414271
-0.000125418665019
3.41214240934
0.000271219050756
3.40917528494
-0.000911994204803
3.40524883568
-0.000694119308337
3.39723637478
-0.000625832552632
3.37812818205
0.000452435733998
3.36774630032
0.00967440954097
3.36241152569
0.0165704479607
3.34915071349
0.00211147897203
3.34091916648
0.00178651872124
3.33804145134
3.41417382386e-05
3.33030068008
-0.000200326326594
3.31173188626
-0.000170383596903
3.30626632353
8.60152555311e-06
3.28703924997
0.0175681953876
3.27003929709
-0.0137905995317
3.26181324881
0.019064551609
3.2487726217
0.00993313612114
3.22967044706
-0.024163105801
3.21425794669
0.0186961223634
3.21271918751
0.00741243382278
3.21058278747
-0.00496217365521
3.19736511333
0.00530418779864
3.19246135027
-0.00276704582551
3.18987520867
0.0131096257605
3.17911521314
-0.0143509929743
3.17345834248
-0.00410086320824
3.1576844076
0.00616599410095
3.1483693394
0.0024749097791
3.13991016964
0.000728871017982
3.13950103157
-0.00241867652648
3.13231918436
0.00515800133722
3.12239459156
0.00491719565317
3.10975358396
0.00499558995612
3.10343061319
0.0139723392824
3.09575898049
-0.0038299486982
3.0919989201
-0.00418559826816
3.08451586663
0.0155596715022
3.07840149137
-0.00182527993202
3.07475534943
0.00119508061396
3.05823366518
0.000120079715192
3.05775442439
0.00045034649772
3.04632265069
0.000174069170196
3.05249926269
0.00495827493444
3.05888139663
-0.0157739606412
3.04821463112
0.00636908259105
3.03893078856
-0.00325562833834
3.02592691892
0.00508729600303
3.01558077084
-0.0238295763799
3.00897565211
-0.00117196647824
3.00253209062
-0.0204454954253
2.99527875476
0.0230458020242
2.98265441252
-0.0148900032134
2.97016905302
-0.0196689296885
2.96440851388
0.0142176040862
2.95910230017
-0.0217939555549
2.95271957585
0.00282083535494
2.94667910213
-0.0194860628604
2.94553008975
0.0183935469684
2.94163054008
-0.00154776507627
2.93220653106
-0.0043817029486
2.92188444459
0.00303329882109
2.89442621003
-0.00798729159767
2.88545733781
8.41627180271e-05
2.88159473323
-0.0027797308943
2.8786126628
0.0180710240742
2.8686474758
-0.0199665158594
2.86187883585
0.0272031773913
2.85133446642
-0.00101524452467
2.84350105201
0.0140246885892
2.83283864726
-0.0136235553806
2.82668374266
-0.00301854090364
2.82078749746
0.0184037142872
2.808498383
0.0162259702333
2.80265794189
0.00456292121915
2.79874782681
0.0130416984244
2.79225960587
0.00485267494774
2.78962284007
-0.000309135318109
2.79057500369
0.000642891580538
2.79892950563
0.00066355018393
2.79474110124
0.00055543554277
2.8031876882
0.00149559992305
2.80848249518
0.00165581824093
2.81252894121
-0.00072696146642
2.80918525055
-0.000834959312124
2.7997827688
-0.000262731975781
2.7767830373
0.0196961754997
2.75931610329
-0.0112759795156
2.74289616593
0.00383114879096
2.73534822203
0.00718511410729
2.72131143296
0.00476623235768
2.70682566903
0.00122162836486
2.70904200081
-0.00172737935744
2.69458816771
0.00522872855862
2.68597054062
0.00209135705471
2.68094656905
-0.0032095762455
2.67809434049
0.00256387142904
2.67495398403
-0.0201105718896
2.67370413437
0.00227730448848
2.66754096095
0.0150006320227
2.65972775543
-0.00447810926676
2.6505995107
0.0127164028578
2.63352501317
0.00440891084027
2.62420113544
-0.0084941776362
2.61344600207
0.0127789622022
2.60501969727
0.0113782397055
2.60650849238
0.00250804968563
2.59073873385
-0.0181000369779
2.58693870616
0.00533724441892
2.58403240463
0.0055828425937
2.57308499743
-0.018534365623
2.56522334244
0.00270363768317
2.56574515727
0.00185510579118
2.56619974379
-0.000762641765877
2.55488300829
0.00377044374395
2.54505021796
-0.000918470077423
2.53943053298
0.00384083212262
2.54048706962
-0.0147241745352
2.52894712115
-0.00109213806226
2.52851325453
0.00637619501424
2.51837844126
0.00478629061404
2.51156108683
0.000608316700814
2.49387898958
-0.000224770300084
2.48661209069
0.000332507417442
2.49202799982
0.000571103758614
2.48473930617
-0.00135389916652
2.47976705446
0.000232047647508
2.46896914599
0.00974696646083
2.45717330087
-0.0308315973569
2.44255521742
0.00290219119993
2.42635237856
-0.00281183458985
2.41352829777
0.000553084001673
2.41304364805
-0.000665850697039
2.4104814862
0.0113183361341
2.4100014733
-0.000886328172004
2.40064728653
0.0061482382734
2.38950330268
-0.0010382528351
2.38283901373
0.0156562202908
2.3722492663
-0.00378108887387
2.37059909915
0.00392783361033
2.36553402459
0.00037428805793
2.36301960648
-0.000274044883561
2.36823506938
0.00272496639332
2.35473093095
0.00706752133891
2.34658509304
-0.00014128443228
2.33554886807
0.00380217364838
2.32818824642
-0.00068361212503
2.32818824642
-0.00068361212503
2.31570779831
-0.0129431678167
2.31164111234
0.0229870861877
2.31553679016
-0.018658473872
2.30822085085
0.00350788653356
2.29468239392
0.00218198489432
2.29590057105
-0.00581259319476
2.29194623492
-0.0137487936241
2.27629441162
-0.0146580990595
2.27293288758
0.00162145420426
2.26826756979
-0.00358618355303
2.25654385671
-0.00436621458362
2.24775708604
0.00351680974432
2.23735278429
-0.00428554431689
2.23422751228
0.00651130192463
2.22775059133
0.00276875117903
2.22901619771
-0.0184552265511
2.22605661402
-0.00880226654951
2.21975388766
-0.0139492445161
2.2151232601
0.00312031983268
2.20955846033
0.00363127625319
2.20735796175
-0.0035552850518
2.19875138686
-0.000616592661054
2.19358473514
0.000879722365111
2.18776619563
0.019541427302
2.18291288022
0.0135407139256
2.18520799541
-0.0117802729553
2.17981017287
0.00130585258798
2.17599098055
0.00611215417755
2.1757262473
0.000413809335305
2.17593823471
-0.0230011248844
2.17059655668
-0.00433108606031
2.16915881293
0.00334264654867
2.13990271029
0.00108395982537
2.1188177819
-0.0160607172088
2.112701747
0.00788521751637
2.10886051333
0.00143085967788
2.10263724903
0.0125266219578
2.09701464204
0.00258880506692
2.09860963203
0.0152668247256
2.09123486835
0.00498956621305
2.08272892497
0.0080660771447
2.06063293942
0.00312396467631
2.05554107832
-0.0214357087995
2.05052875629
-0.00500500222458
2.0386165041
-0.014362338165
2.02696109282
0.000786643864623
2.01921790301
0.0290392372985
2.01507967101
0.00377148186514
2.01426671441
0.000485217240806
2.00688858841
0.00774246873259
2.00062588568
0.00184619470094
1.99119972208
-0.00561025002136
1.98217469458
0.00300629759139
1.98110703839
0.00270918024023
1.97999280082
0.00286489930434
1.973862286
-0.00444662359812
1.96729568649
0.00354598895371
1.95643038163
0.0238065214511
1.9530789878
0.000401187123381
1.95064216328
0.000210456898442
1.94450111632
-0.0125822549303
1.9324131209
0.011604723809
1.93164588918
-0.00733883180083
1.92676832622
-0.003744352352
1.9209812212
-0.00149649849132
1.91155790563
0.017662334199
1.90846364058
0.0032959697131
1.89928900171
0.00568376159411
1.89408905348
0.0266308822003
1.89636514036
0.00694965163919
1.88599824647
0.0305725106261
1.88546923649
-0.00391907566005
1.87335625772
0.00302486984163
1.86347312618
0.0119695730891
1.86033476042
-0.0324926930563
1.85784140031
-0.0235785018808
1.85142300925
0.00555333813966
1.84952817174
-4.3037880002e-05
1.84599004237
0.00592944316843
1.84610738022
0.00500500300715
1.84314636742
-0.00482652460431
1.83856885964
-0.00962270145677
1.82792588427
0.00579171993851
1.82089115337
-0.000535313452599
1.81024028222
-0.0170651472344
1.81234598877
-0.00251962546438
1.80602369296
-0.000388913390506
1.79878003955
-0.00150706007181
1.79628310352
-0.00277565947987
1.79199034437
-0.00242128293723
1.78720975338
-0.00281383806597
1.78292630782
-0.000131926236828
1.77650032583
-0.00457556007325
1.76923788614
-0.000522900306317
1.76551609446
0.0113855273467
1.7593658845
0.00514430686001
1.75775150291
0.019420007438
1.75820265616
0.011364219003
1.74864846348
0.00947236733415
1.74434915964
-0.00111478822257
1.74178664846
0.0017779194027
1.73452054831
-0.000938862615103
1.72461995719
0.00718168013255
1.71996192869
-0.00478172408884
1.71549742739
0.00400369739425
1.71339739406
-0.00325952232296
1.70804990124
-0.00531127619742
1.69349019418
0.00536583657326
1.68686156509
-0.00421206101731
1.68050573987
-0.00408900363127
1.67396415406
0.00362242961286
1.66578172456
-0.00420464408498
1.66018402403
-0.00275255035227
1.66076052891
0.0210400106685
1.64603314105
-0.0137696755475
1.63664450324
0.0107193635212
1.63904197111
-0.00355180143701
1.63188977239
-0.00927669624661
1.62103993363
0.00939318813661
1.61746936166
0.00737407396819
1.61669672652
-0.0140526403007
1.61004145848
0.00410421192367
1.61002487717
-0.012260133889
1.60666535292
-0.000330592612946
1.6011199427
0.00258017169747
1.59397585007
0.0105507366941
1.58761136973
0.0031240418142
1.5818510253
0.011076763687
1.58006460165
-0.00560919072983
1.57247484377
0.00598517965862
1.56553240672
-0.00379668889716
1.56129379371
-0.000552790653006
1.55846946586
-0.000792474294041
1.55417623882
-0.00690748821869
1.54737152228
0.0057642845187
1.54241076914
-0.0046263978782
1.53619963082
-0.00436730774248
1.52757744287
-0.00435015862339
1.52067820514
0.00368862896217
1.51560949071
0.00180358869523
1.51273069574
0.0212189547118
1.51005714328
-0.00558020454859
1.5037845919
-0.010247082593
1.49721058639
0.0162471128424
1.49170337207
-0.000587007865505
1.48160967541
-0.00923664513274
1.47326661618
-0.00175096455172
1.46977866387
0.000268449905726
1.46109450318
-0.00775174315152
1.44749405227
0.00560398249556
1.44144650517
-0.00439309370085
1.4344265992
-0.00441041159932
1.43272840123
-0.00333729818693
1.42932354217
-0.00131140350877
1.42353799119
-0.0028645030061
1.41711514136
0.00362383037563
1.40778361106
0.00492381767351
1.40633900243
0.00177966836207
1.40318823871
-0.0138290187004
1.40075531799
-0.00142466362972
1.39676368729
0.0115093126422
1.39500605218
-0.0098979149438
1.38944290071
-0.00291188401462
1.38483579431
0.00302409525755
1.37804020007
0.0037598653761
1.37335003227
0.00584512076515
1.37089567163
0.0134011583144
1.36948717557
-0.0155205809573
1.36976803909
0.0237859507121
1.36147047189
0.008073322879
1.3538888153
0.00813783830583
1.34747525223
0.0035111613775
1.34172173418
0.00327338993482
1.34105258477
0.0110894112675
1.33607708871
-0.00912210959219
1.3307618926
-0.00287686676752
1.33047698444
-0.00528722165818
1.32909254166
-0.00539224264361
1.32747124064
-0.0101127240464
1.32615654043
0.00901697764537
1.32083211603
-0.012369059296
1.3181235749
-0.0160836501799
1.31584421927
5.03136218915e-05
1.30714105464
0.0153429617026
1.30970947732
-0.0125191572882
1.30630721869
-0.00460754873092
1.30310728127
-0.0046056344665
1.29691571184
-0.00302654803686
1.28630726064
-0.0022163926073
1.28745515876
0.0117031796412
1.28874915334
-0.0262633380792
1.2869731143
-0.0036263490372
1.28901989565
-0.0101853638192
1.28579269517
0.0124000185093
1.28552108154
0.0213354489586
1.28072737527
0.00369627485561
1.27497935015
0.0152347734571
1.26786261049
0.00307533784867
1.26085980919
-0.000596389013054
1.25483826057
-0.000699583083806
1.25355433351
-0.00451366102358
1.25137782056
0.00346990860962
1.24504529916
0.000602956754484
1.22951100907
-0.00160490396801
1.22296659589
-0.00174316363029
1.21667478159
0.00200589860239
1.2095268528
0.0119315443941
1.20213731283
-0.0123243956087
1.19752496076
-0.0116790299156
1.19922728785
0.0228488029004
1.19640244709
0.00444809144652
1.190794039
0.0141976592847
1.18747458425
-0.000356850499581
1.18454029323
0.00194920605699
1.17820044146
0.000683913958029
1.17303326242
0.0027914877114
1.16523935661
0.00364385808016
1.15814427168
0.00830321515155
1.15920319737
-0.00385433378505
1.16084725643
0.000327870782371
1.15608007975
0.000282075073273
1.15110304596
-0.0225991149577
1.1508784172
-0.00911056428598
1.14498654489
-0.000582778369974
1.13724857847
-0.0175387721472
1.1371847625
0.012651405534
1.13575735068
-0.00154917133221
1.12540333035
-0.00344945995985
1.1150430321
0.00304574821409
1.10821816237
-0.00312872611918
1.09858974427
-0.00306720879317
1.09443390138
-0.00252347883206
1.08794782587
0.00250416648448
1.08310502436
-0.00571788488615
1.07250961252
-0.00490078904452
1.06382351974
-0.00125898203951
1.06317557873
-0.0224214081968
1.05912643216
-0.0330464470151
1.05242213929
-0.00824626358897
1.04733664833
0.0113321371691
1.04427435236
-0.0157290460856
1.03777849609
-0.019313806889
1.0330578564
0.00743800330755
1.02610195198
3.91114968426e-05
1.02054453698
0.0124951880179
1.02154561464
-0.0117436089915
1.01738064806
-0.00323506860825
1.01162593708
-0.0168223781961
1.01034480716
-0.00200398958814
1.00167503161
0.00542689617724
0.994070386584
-0.000640118538009
0.990603250003
-0.00346710066862
0.986399283778
0.00332790060322
0.98231663614
-0.00192849410813
0.978632937792
-0.00766085359566
0.976821324114
-0.00827804708238
0.975220845637
-0.00271991041144
0.971399704883
0.00269649566887
0.968528924017
-0.00262776634508
0.966073265201
-0.00254423384154
0.963009177141
-0.00594849613278
0.958986619679
-0.0036822145462
0.956475191006
-0.00334153510085
0.95371625785
0.00313315610343
0.947955956967
0.00592748569259
0.944612510143
-0.0032758123653
0.941206201404
0.00314104817925
0.938960626639
0.0107110130549
0.93605378848
0.01519669119
0.933652418383
-0.016678308989
0.934680772997
0.0126180575768
0.93221544021
0.00567089966514
0.930740350827
0.0223273930184
0.928273212145
0.016863538008
0.926607362187
-0.00704954304002
0.919075840457
0.00548274063417
0.92107399059
0.0216189226261
0.912017617073
-0.00101922169011
0.914178861221
0.00842530000137
0.904397660835
0.00375626975458
0.902046261136
0.0156030145423
0.895041002537
0.00460197270625
0.887874901906
0.00778842018557
0.891506431694
-0.0203220953631
0.886268464217
-0.0328388846529
0.884559270751
0.0190455477887
0.87850544147
-0.000859091985794
0.87784371848
-0.0100977209675
0.878798306621
0.026531781776
0.874133538971
-0.0199852536919
0.872032369439
-0.00444813102234
0.862733285355
-0.0473213395368
0.866515968155
0.0123234611626
0.865541525553
0.000977529542464
0.865697517618
0.00499210476498
0.858224837383
-0.000803893459919
0.853761512708
0.023437814624
0.850020862285
0.00340385097929
0.851694071151
-0.010333449794
0.843258916137
-0.0308639001139
0.831154328827
-0.00627417416953
0.828595156619
0.00987495399383
0.828790526533
0.0142405399981
0.82515576222
0.0136556458883
0.824341595331
-0.0322608190584
0.822328344083
0.0363012501875
0.817052546548
0.006105852821
0.812711494985
-0.00885202381563
0.813140914373
-0.00984666976616
0.804123508427
-0.0306434219237
0.804604112449
0.00643433744979
0.799086958663
-0.00550835521355
0.795728950906
-0.00544118835597
0.792064982113
0.00347553166596
0.7891493997
-0.00559658048428
0.787657593538
-0.0158072415248
0.786148772854
-0.0126949734844
0.786297078153
-0.0286325015433
0.780434647545
0.0135962064565
0.77706430276
-0.00216529823142
0.774145846726
-0.00371792990943
0.76898884107
-0.00328331343651
0.766047834445
0.00338948849247
0.763631818544
-0.00320158137735
0.762128719971
0.00320666840314
0.759617952879
-0.00330020171203
0.756414788502
-0.00312745863617
0.754714309443
0.00321135883968
0.752245523866
-0.00323274042784
0.750362181662
-0.00320293934065
0.748496118269
-0.00316038847058
0.746446240564
-0.00310848997507
0.744106136027
0.00311482398383
0.743186688536
0.00292316453562
0.74108470457
-0.00294323664915
0.738540313749
0.00305225548393
0.738052565931
-0.00292824676165
0.731889853924
0.00287153273487
0.728880927146
0.00288853342928
0.726109878276
0.00304433688241
0.724842254406
-0.00303285813075
0.723159322484
-0.00287751500956
0.72179287665
0.00291732205364
0.720612468416
-0.00291122872062
0.720203102824
0.00290948219043
0.717690656742
0.00303794348076
0.71534603711
-0.00288658770366
0.713245491958
0.00303974201408
0.710440947145
-0.00287208124737
0.707869163754
0.00287578280372
0.704713545245
0.0028474518769
0.702663982607
0.00295236965618
0.700409422463
-0.00293151977822
0.698179137689
-0.00293440993432
0.696806366441
-0.00280087662314
0.694923622278
-0.00291538642091
0.694691048229
0.00291559365517
0.693445194195
-0.00298776263346
0.6920040278
0.00298164439233
0.690713828713
0.00282273632755
0.690375450408
0.0028298667333
0.691568625548
0.00285092660918
0.691937180461
-0.00299757043436
0.691948641318
-0.00299586680785
0.691898883284
0.00299319553872
0.691734437181
-0.00281403172116
0.691920115594
-0.00281805905155
0.692164930633
-0.00299940340113
0.692711547955
0.00281249480345
0.693516908621
-0.00289733390134
0.694621015263
-0.00193819407903
0.696330365829
-0.00190805503242
0.697205100514
-0.00183930847632
0.69779134593
0.0016251407781
0.699868573716
0.00170811327185
0.701878577058
0.00529119237612
0.704802357195
-0.00603479280448
0.711216027764
0.00715810037167
0.715895694077
-0.0027118527128
0.718019513824
0.00322775154729
0.721664516663
-0.00114187212198
0.722131730045
0.00178824995342
0.723234160757
0.00398520237925
0.725795429821
0.000279430081443
0.726805609324
0.0027886865884
0.729651667128
-0.00287126436306
0.732171066528
-0.00285130168095
0.734537756823
-0.00291378688006
0.735599753785
-0.003094987052
0.736664631877
0.00298930150251
0.736222996877
0.00293659893942
0.736960595435
0.00295429327027
0.738247378455
-0.00277770901908
0.739483691107
0.00294478887031
0.740782984403
-0.00294878567362
0.74170948591
-0.00295472363965
0.741678630744
-0.0027777072069
0.741938392576
0.00274676024327
0.742676390635
-0.00274452983231
0.742848745471
-0.00274786398819
0.743256563412
-0.00273779828091
0.743845289562
-0.00292518988931
0.744433647505
0.00290921309436
0.744655147554
0.00274469369748
0.744653620223
-0.00288108898701
0.744783656345
-0.00270368419578
0.745108869473
0.00269806957098
0.745791071625
0.002682820606
0.745738212618
0.00266729119272
0.746198360139
-0.00266310660107
0.746384359168
0.0028282359826
0.746123922287
-0.0026562848556
0.746172625131
-0.00279356559325
0.746006736867
0.00262289229993
0.745993212069
0.00261163604456
0.746132876834
-0.00260502470924
0.745838227647
-0.00259091911196
0.745874257112
-0.00256856201444
0.745612368208
0.00257168677975
0.745492287997
0.00255574189169
0.745444205646
-0.00271726173249
0.745137569087
-0.00255783139077
0.744898686806
0.00271206825364
0.744672306431
-0.0025446843519
0.744605608884
0.00253826547286
0.744594550653
0.00253884708137
0.744304905937
0.0026935910072
0.744280336742
0.00252674429093
0.743726573459
0.00251459203011
0.743283248935
0.00267070010116
0.743121445022
0.00250284626721
0.742608986822
-0.00251165706674
0.742332196112
-0.00267381771535
0.742052066134
-0.00268629755754
0.741740337076
0.00267371040694
0.741444251023
-0.00267619332475
0.741254751193
0.00266729259737
0.740840604392
0.0026673876187
0.740523248628
0.00266188869743
0.740108538915
-0.00248572991982
0.739880079047
0.00265113220661
0.739665373668
-0.00247189569275
0.739207519145
0.00262770091926
0.739007682658
0.00245610570869
0.738797748272
-0.00245115102686
0.738594485308
0.00245939628976
0.738186953288
-0.00245533651977
0.738018636372
-0.002449802422
0.737907174664
0.0024510963743
0.73756926571
-0.00244200910603
0.737324374501
-0.00243597181012
0.737107336458
-0.00243325453721
0.736993313401
0.00243395221449
0.736725614049
0.00259312099813
0.736312083668
-0.00242607258054
0.736164225093
-0.00242435823993
0.735997715808
0.00242759478818
0.735728043318
0.00242152114617
0.735517763822
0.00241984734403
0.735196871677
-0.00241286237624
0.734971209291
-0.00240833421874
0.734719168293
-0.00240913202834
0.734517321975
-0.00240615749397
0.734337549433
0.00240873581546
0.734031801558
0.00240367944905
0.733685576928
-0.00240053776067
0.733525588508
0.00240392229859
0.733295701763
0.00256220596871
0.733073311955
0.00255081769698
0.73289816737
-0.00254594149525
0.732621944663
-0.00254453434616
0.732214240778
-0.00237595625497
0.731938375864
-0.00237622632464
0.731716400405
-0.00237427437164
0.731579399792
0.00253077475402
0.731318888945
0.00252827367118
0.731047632939
0.00252397100035
0.730828297994
0.00252008053777
0.730629249233
-0.00251971924725
0.730438417284
0.00235169625472
0.730179974937
0.00251182000015
0.730008557027
-0.00235233636741
0.729910154557
-0.00235049934169
0.729627297727
0.00250801006419
0.72939572659
-0.00251375698121
0.729265005818
-0.00235010417392
0.729042324798
-0.00233667475076
0.728896823306
0.00249450805278
0.72869780502
0.00233358327993
0.728567168301
0.00233426348891
0.728331472903
-0.00233427730627
0.728096940382
-0.00233884790844
0.727949203068
0.00233166096952
0.727710264934
0.00232704664888
0.727470735757
0.00232475569084
0.727243111863
0.0024862544196
0.727178421373
-0.00248922954897
0.726949593404
-0.00232294352615
0.726792555402
0.00231865782578
0.726678317754
0.00231789167086
0.726479763552
-0.00231725863874
0.726301066324
0.0023143927261
0.726111534701
-0.00247848189708
0.725911288473
-0.00230885358003
0.725770043819
0.00247110510275
0.725599733613
-0.0023070961654
0.725449013975
0.00246794764312
0.725246540818
-0.00246534741451
0.725091897396
0.00246341034498
0.724809769272
-0.00229431693495
0.724635590119
0.00245825223875
0.724530330463
0.00245623248366
0.724349827877
0.00229300315992
0.724090935215
0.00245238357195
0.723925034604
-0.00244921226042
0.723758328147
-0.00227803450536
0.723645636392
-0.00227449669455
0.723474679476
0.00244357475193
0.723230050786
0.0024410330016
0.723120862639
0.00227645519863
0.722962456016
-0.00243551940357
0.722822017222
0.0024396876694
0.72272737914
0.00227150695028
0.722547800408
0.00226848530525
0.722387709523
-0.00242801950411
0.72223410528
0.00226890851728
0.722024701192
0.00242898619525
0.721880300029
-0.00242072253589
0.721737996241
0.00242458246914
0.721547387183
-0.0024174618523
0.721335177772
-0.00225271618386
0.721225861671
0.00241868315201
0.72107750712
-0.00241191911143
0.720944101644
0.00225135759691
0.720756285478
0.00241129326074
0.720593169159
-0.00224339652713
0.720457425239
0.00224636598294
0.720217952711
-0.00223930698716
0.720083964191
0.00224122671535
0.71992114847
-0.00240158608784
0.719723774985
0.00239887181241
0.719571762345
-0.00223029637824
0.719372244017
-0.00222957998644
0.719243536959
0.00239187186675
0.719094643472
-0.00238972176923
0.718889114093
0.00238617344763
0.718772162386
-0.00238676462084
0.718593501678
-0.00238416748967
0.718495886506
-0.00238472064391
0.718410605982
-0.00238457062445
0.718233424083
0.00221265367598
0.718089130893
-0.0022132192045
0.717983126162
0.00237281320951
0.717850728059
-0.00220997721225
0.71767227081
-0.00220856353213
0.717577869966
0.00220276039468
0.717337468825
0.00219953125551
0.717134511977
0.00219581591816
0.71701200291
0.00219533815389
0.716819560181
0.0023560234623
0.716656393101
-0.00219466603833
0.716480971014
-0.00219346083773
0.715839213401
-0.00218539091602
0.715752225247
0.00234389914397
0.715644852874
-0.00234596589335
0.71547594835
-0.00217928906659
0.71538199343
0.0023388969611
0.715283781461
-0.00234092426713
0.715194439965
0.00233565827926
0.715097838281
-0.0023383332673
0.715017599317
-0.00216856892069
0.714850654511
-0.00233092116474
0.714738305256
0.0021621972483
0.714660791381
-0.00216319546585
0.714609560837
0.00216159909305
0.714340119842
0.00232227734526
0.714311563012
-0.00232550302177
0.714183397598
0.00215587508261
0.714002509157
0.00231662303932
0.713834942456
-0.00231081101782
0.713678566463
-0.00214546986448
0.713594583017
0.00231034344128
0.713453492211
0.0023076950674
0.713310149873
0.00230419675195
0.713237349692
-0.00229731742101
0.713097179502
-0.00213108886864
0.71305304741
-0.00213013360441
0.713026588873
-0.00229442016209
0.712902508644
-0.00212541395768
0.712711036784
-0.00212168872927
0.712602485261
-0.00228476168393
0.712461797513
-0.00211710672193
0.712415541801
0.00212178351244
0.712277740184
0.00211653050814
0.712236771359
0.00211567520943
0.712141769249
-0.00210865832079
0.712046949908
0.00211091219169
0.711995390544
0.0021081669247
0.711939673991
0.00210849283113
0.711830354284
0.0021044589174
0.711700853388
-0.00226475226049
0.71168466049
0.00226675841058
0.711481871344
0.00208421357687
0.711391381199
0.00208068634436
0.711257677581
-0.00224445516134
0.711127803968
-0.00224206093209
0.71100262538
-0.00223985938983
0.710972408606
0.00206362634795
0.710840130404
0.00205737165448
0.710761115929
0.00222041829223
0.71074554446
-0.00221642922941
0.710644940199
-0.00204781803763
0.710635071223
0.00220026042837
0.710556804583
-0.00220810871062
0.710489811414
0.00220835413098
0.710438292338
0.00220580610863
0.71039781949
-0.00221256675818
0.710334043518
-0.00204240662106
0.71027293009
-0.00204049382293
0.710255514125
-0.00220425159038
0.710192703664
-0.00219930252193
0.710105951328
-0.0020321076922
0.710063113033
0.00202554267738
0.709987460366
-0.0021944373272
0.709953580648
-0.00202571380165
0.709936587285
0.00201993053578
0.709862511442
0.00201713436949
0.709800467695
0.00218174524996
0.709788859032
0.00218078201132
0.709746371373
-0.00218580306152
0.709688421079
0.0020145488267
0.709614783163
-0.00200939128551
0.709563410631
-0.00200709447145
0.709533106243
0.00216983160026
0.709481122457
0.00199724808764
0.709410851031
0.00216305360759
0.709364201096
-0.00199469078388
0.709338980864
-0.00199056714794
0.70928074444
-0.0019894161127
0.70925359259
0.0019817873217
0.709198308191
0.00216481734609
0.709103856579
0.00216731132214
0.709091205257
0.00216196765334
0.709066847478
-0.0021542328601
0.709020621945
0.00199296695522
0.708911039574
-0.00198214177206
0.708905488413
-0.00197573341973
0.708901138089
-0.00213575763561
0.708868837459
-0.00213673763988
0.708775931715
-0.00196681095365
0.708752985906
0.0021375564112
0.708735362219
0.00213466881119
0.708719914916
-0.00212238701653
0.708629615044
0.00212191334628
0.708566250239
-0.00194933857138
0.70851617496
-0.00194776847409
0.708503931768
-0.00194417525577
0.708500786347
-0.0019444994301
0.708500229294
0.00194282940294
0.708418135491
0.00194106639322
0.708315132897
-0.00210542543976
0.708316887624
0.00193086907658
0.708346572973
-0.00209852592866
0.708346447538
-0.00209478494495
0.708275166443
-0.0020921533349
0.708213199916
-0.00208913234235
0.708246434736
0.00208285657236
0.708167366158
0.00190561056204
0.708194191734
0.00190751230883
0.708098810867
-0.00207492723346
0.708061214589
-0.00190320946788
0.708067992974
-0.0020576497899
0.707953490356
-0.00204845586558
0.707958963346
0.00187237393866
0.707878947889
-0.00186586254299
0.707866204965
-0.0020284600359
0.707857334476
-0.00185458823011
0.707845863876
-0.00185076226685
0.707854132307
0.00184949654669
0.707841682782
-0.00184133743891
0.707814795237
-0.00183874526171
0.70781478483
0.00183750156078
0.70780494129
-0.00183033022577
0.707763971006
-0.00199967961645
0.70779085227
-0.00200165357403
0.707804208623
0.00183440562135
0.707779308416
-0.00182931110112
0.707814175926
0.00199908642289
0.707761323502
-0.00182531882337
0.707800238727
0.00182329242366
0.707782041184
0.00199233856826
0.707784491751
0.00182324628156
0.707741186288
-0.0018203446656
0.707760266604
-0.00181806577017
0.707742799819
-0.00181650212181
0.707783121618
0.00197954777834
0.707753446578
-0.00180148558507
0.707783711593
0.00179738220915
0.707756106751
0.00195896613205
0.70780021672
-0.00196009916566
0.707772656625
0.00195320484917
0.707780849582
0.00195195314489
0.707787464663
0.00194703755185
0.707782654541
0.00194142904271
0.707805922339
-0.0017736175555
0.707777431297
-0.00176940879502
0.707780559865
-0.0019315758312
0.707746051288
-0.00192119960744
0.70777283996
0.00174445266383
0.707839866038
0.0017542489009
0.707833554919
0.00191956442431
0.70772928523
0.00191351245926
0.707792415292
-0.0019187198257
0.707789372163
0.00191644904555
0.707831405286
0.00191450621471
0.707834592561
0.00174787952883
0.707808537594
-0.00174325920937
0.707821653051
-0.00191030177456
0.707825372769
-0.00190684803178
0.707869537841
0.00173718600984
0.707852661374
0.00173357122875
0.707855633902
-0.00172738900675
0.707860097412
-0.00189579863438
0.707839087836
-0.00172174581161
0.707880671024
-0.0017177222536
0.707860641606
-0.00189014679429
