
4044.88623047

3880.54833984

4055.31640625

4071.37011719

4072.58618164

3914.66845703

4090.94360352



2247.86767578



4103.69189453



3563.37231445

1947.88537598

1947.88537598

1711.29162598

895.26184082

446.915588379

3516.88452148

3516.88452148

3516.88452148

2002.40966797

2036.67785645

1831.38000488

2488.62548828

2898.51220703

3686.62036133

3301.9128418

3301.9128418

3881.07885742

3541.3425293

5654.27001953


4283.10546875

4576.92529297

7618.72998047



9407.02734375

9683.08691406

10340.7724609

7458.74365234


4522.00732422

4522.00732422

6343.33740234

5259.76513672

3557.39746094

3102.31152344

3194.64135742

4481.37695312



8038.42382812


7627.69189453


2087.14477539

2190.66967773

3832.32543945


4708.05175781



8919.31835938



4725.19628906

8347.79785156

8347.79785156


4005.38916016

4024.00170898



8829.53808594




4263.18847656

4263.18847656

3572.09350586

3452.47070312

4462.01074219

4462.01074219


8387.30078125

6076.23632812

3719.54711914

3531.62109375

1720.20922852

3477.4465332

3744.21777344

3710.04614258

1495.09741211



1726.53747559




2305.8347168


2422.20166016

6780.8671875




1787.43347168


1812.95275879

1455.79785156

1480.04284668

1330.16186523

744.335083008




648.175537109

-174.625671387


-2522.79736328


-3476.37182617

-1668.95275879

-1747.26086426

-1918.81286621

-820.317199707

-1586.48901367


-4853.97998047



-1501.57666016



-537.761108398


-6519.09277344

-6614.72314453

-6614.72314453



-4243.54052734

-2426.82299805

-7642.65478516

-5449.65283203

-7424.11914062

-5158.13769531



-5808.28271484

-5724.94335938

-5724.94335938

-2185.46240234



-4814.22802734

-4814.22802734


-6551.0703125

-2897.69995117

-2897.69995117



-4608.83007812

-4313.01513672

-3659.35375977

-3659.35375977


-4162.88378906


-3411.92944336

-3400.09008789

-4772.26464844


-4176.00439453

-2956.70898438



-3344.32055664

-3344.32055664


-5230.86181641


-1663.17333984

-1663.17333984

-1913.66186523

-1727.50598145




-1159.47888184

-243.099380493

301.190307617

241.366836548

1774.70336914


760.787780762

1004.93395996


1019.98718262

1019.98718262




4489.35595703

5968.91601562

4595.97558594

1903.61572266

2689.41210938

4077.87426758

4469.31494141

4469.31494141

3325.14111328

3325.14111328

2900.97290039


3403.31201172

6638.31640625

6638.31640625

4392.46582031

4071.56567383

4858.67431641


4694.63525391

7872.86425781

3344.22290039





5414.03027344

4285.70800781

5051.65673828

5051.65673828

4030.19604492

3835.06152344

3936.8684082

2833.63134766

5257.70410156

3045.84033203

5053.65722656

3197.68945312

3539.01831055






666.690979004




1793.46337891



1208.00537109

1031.49316406

1042.79443359

1125.00671387

-2855.20019531

118.979988098

-3160.31835938

-1034.6496582

285.537078857

-2366.46875


-1567.12438965

-2337.87841797

-356.039825439

-897.470458984

-1146.38684082

-1146.38684082


-820.56072998


-3683.30932617

-4081.83666992


-4628.19873047


-5806.11669922

-3491.33618164


-3674.703125

-7161.93359375

-6420.36523438


-3468.88745117

-4718.06494141

-3079.90405273

-6845.86669922

-3056.04174805



-2742.33691406

-2742.33691406

-1410.29455566

-179.722061157

-866.305114746

-866.305114746


756.179016113

-604.200805664


1627.37609863

2140.16186523



2949.88037109


4890.44384766






5148.40771484

5148.40771484




7256.48925781

2983.51733398

4464.48876953

4788.77880859

4618.58984375



4419.88085938

4306.59326172

3510.17944336

4133.90966797

3334.00463867

3176.52905273

3176.52905273

2603.59887695

2955.75341797

2415.88745117

2274.76879883

2612.4206543

1692.15930176

1792.66674805

1318.03710938

1378.5357666

724.591186523

671.488952637

344.571594238

344.571594238

77.6981735229

77.6981735229

-511.78012085

-868.197387695

-1594.11450195

-1664.36437988

-2296.48413086

-1546.41784668

-2558.37158203

-3395.56884766

-3377.82348633

-2667.7487793

-3903.73095703

-2777.40136719

-4009.34521484


-5359.61816406


-4701.85742188

-5109.87255859

-4388.82861328

-3431.46728516

-4978.78955078

-4946.03222656


-7041.19726562


-2926.74853516

-2688.37304688

-1904.31860352

-2361.54296875

-1630.06713867

-1244.09387207



-127.884513855

2158.53686523

1256.94494629

1771.28234863


1883.89855957

4229.1796875

4458.14208984

4783.36132812

4895.79931641




5793.97314453

4355.40234375



3444.44628906

5208.65429688


4453.50439453

4634.04248047

6124.87109375

4978.27734375

6063.41503906

4988.0859375

3822.19995117

3338.80981445




4261.70458984

3254.93847656

3278.26416016

2428.93188477

3115.85913086

2522.9921875

3706.22680664



3418.89697266

1786.7565918


1043.56616211

-1699.65393066

-763.940551758




-5418.46191406

-4361.81542969



-5201.125


-5972.79589844

-3194.36303711

-3194.36303711

-3538.45361328


-4326.56494141

-6574.08984375

-6574.08984375





-5043.17382812

-6857.70214844



-7361.39990234


-6108.28955078

-6108.28955078


-4417.15722656

-3037.94433594

-2874.27246094

-2874.27246094

-3808.20703125

-236.80607605


-3331.8371582


-329.112884521




-2267.72802734

-2199.25097656

-1795.91052246

-1602.70336914


-2247.77978516




594.432434082

1180.65673828

4592.54785156

3558.06054688

1920.69042969

4148.26318359

3273.73364258

4129.23632812

4045.59936523

2428.59790039

2435.04248047

2681.27294922

3620.4987793


6225.18359375



5556.76757812

3326.89233398

3326.89233398


3401.40136719

5437.40722656

2824.19335938




3116.46362305

5094.2734375

2476.94165039

2392.39819336

3787.17919922

3256.49633789

3238.37011719

3199.71240234

4522.14208984

3675.48999023

1248.56103516

1797.04760742

1941.03540039

2298.82592773

2298.82592773


797.400512695


1076.48583984

-1447.7220459


610.68927002


-245.561737061

-236.621688843

-1040.48413086


-4800.23046875



-5970.46972656

-3229.53662109

-1738.30895996

-4360.62646484


-5834.08154297

-3732.37744141

-3706.09912109

-4240.77783203

-3918.98071289

-3351.75585938

-5459.46826172


-6405.640625


-3004.79492188

-6270.52685547

-4529.54443359

-3761.80957031

-3129.93920898


-4074.40576172

-4074.40576172

-3883.40966797

-6112.29833984

-4835.48974609


-4377.32324219

-3656.20898438

-2998.34130859

-1685.37243652



-645.792175293


-2631.45019531

940.003051758

-1424.83166504

819.715454102

-1435.71496582

1436.43029785


-659.851318359

2158.14672852


3596.10302734


1708.62719727

2133.85083008

2521.02685547

2878.55224609

3068.39526367

3458.35107422

3458.35107422

4366.30371094



6131.50146484

6131.50146484

5596.94921875

5619.69042969


6707.32470703


6178.66210938


3581.04370117

4993.98828125

7241.17675781



4261.19970703


7093.49755859

5779.13476562


5797.64257812


840.611083984

2231.94189453

2389.75512695

1844.88330078


1748.76196289






478.05670166


-45.5782241821

-357.509002686

-357.509002686

-2857.96606445


-1350.19775391




21.4012241364




-3499.67993164

-4634.58544922


-5509.77490234

-3235.12695312


-6491.24951172

-3992.34619141


-4947.82666016


-3210.74462891

-3663.29077148


-5788.57763672


-1247.50585938

-5431.38134766

-6976.41748047


-5850.07324219

-5289.69873047

-3481.50585938




-2807.69946289

518.281433105

-2029.8782959




-1786.87121582


-981.003540039

9.73079967499

-1953.84094238

1026.13867188


1948.01879883


4723.70166016

4723.70166016

1903.62597656

1903.62597656

5725.04882812


3542.31835938

4258.41845703

4258.41845703

4761.28662109

4720.45996094

4293.94042969

6874.12548828





3988.03222656



5446.65527344


4698.94238281

3567.48413086



5287.90380859




1326.71520996

4050.44873047

2459.12207031

3282.63256836





2949.73144531

-273.83291626


1438.87512207

-1276.34362793

2780.86279297

25.935842514

-2453.05957031

-507.985351562

-670.331787109

-2512.22363281


-2941.77954102

-2033.28662109

-2033.28662109

-2033.28662109

-3368.99389648


-4457.37109375

-5311.36767578

-3178.52368164

-2889.43334961

-2659.94018555


-3567.09936523

-3567.09936523

-3923.76513672

-4250.67480469

-4587.41552734

-3124.27929688

-4795.88623047

-6000.3515625

-4122.60791016

-5080.73876953

-7777.65332031


-2292.36181641

-8798.00195312

-5687.12255859

-4325.71923828

-3574.10131836



-4117.8203125

-555.27734375

-3914.00097656





-3121.57348633

-3144.01904297

-3141.26245117

-2251.98681641


-2517.02709961

-4284.12744141

-1950.58007812

1037.44372559

-403.617584229


-168.975204468



387.825683594


761.455871582



1611.39611816


3078.83276367

3352.72558594


1814.7298584

1777.98864746

2969.31030273

6741.74609375

6741.74609375


6411.7734375

2703.10449219

4594.18896484

4768.28125


4894.43310547







2913.03662109

1945.06555176

4259.62744141

5187.30126953





3203.89331055


1629.97277832


4807.63134766

3720.93457031

228.401382446

228.401382446

2877.46118164

209.065979004

2492.38061523


246.119262695


2243.23901367


553.918640137

693.042297363

-0.326140612364

-2172.28442383


-3561.16479492

-3205.61816406

-2141.35375977

-4024.34472656


-3018.59326172


-5561.16845703

-5561.16845703


-5243.96923828

-4857.26904297

-4352.14013672



-4217.89746094

-4602.96533203

-5538.28955078




-4508.81591797






-4200.49755859


-6196.91455078

-4512.69433594


-845.873046875

-804.175720215

-804.175720215

-3892.93164062


-221.847198486

-221.847198486

-593.980285645

-593.980285645





-2277.67407227

612.272644043

612.272644043

-1868.79394531


-1806.45251465

641.33972168

732.619567871


-942.244628906

-727.842041016

-792.81842041


-606.32232666

2139.58862305


412.19833374

2568.88330078

858.053344727

1016.77154541

3622.53076172

2471.09033203




3028.98852539

3862.35766602

2784.42089844


4623.45458984

4753.10205078




7142.97314453

3639.17797852

6548.90136719

5856.45556641

3701.32470703

5010.06738281


5455.10693359

5220.00585938

4553.18457031



7119.33642578




3057.16821289

2380.41186523

3858.54418945

3700.39135742

4150.37548828

4150.37548828

5275.21142578

3488.47021484


4841.64746094


4149.64501953



2449.0246582

-205.399185181

1863.05493164


-1392.43078613

1797.96606445

-1465.80932617

-1465.80932617

-1668.65869141



382.971435547

160.244995117

-542.620910645

-707.563476562

-829.493041992

-408.61026001

-771.491455078

-881.475280762

-1110.8861084

-1225.05334473


-2610.25512695

-2978.10717773

-3818.62402344

-4828.36474609

-4384.38574219


-3875.50854492

-4804.75830078

-3447.48120117


-4987.06494141

-5612.30712891


-8310.4453125

-7087.6640625


-5216.55615234

-4466.2265625

-4466.2265625


-4177.65673828





-4037.31054688

-3890.90283203

-3761.00244141

-3715.52978516

-3701.76367188







-2754.09814453

-2622.78564453

-2485.89477539


-2686.87841797

-2686.87841797



-1888.42944336

-1860.45678711

-1006.16766357

1596.50817871

2424.44970703

2690.03710938

3266.5612793




2916.99609375


2097.42236328

4215.16650391








4975.35009766

3217.76953125

7128.01708984


2923.48535156

3708.23413086

3061.0625

3061.0625

5909.015625

4949.35742188

4698.140625

4698.140625





4756.37353516

3914.09985352



1400.73327637

5081.55810547




5471.60644531

2462.78808594

4805.57568359


1656.63525391




3642.88891602

3440.31225586

2334.05029297

2712.02661133

-882.227722168


1025.78100586

-1593.59509277

919.161437988

919.161437988

905.795593262


-2163.67529297



-2674.59375


-2775.70727539



-1290.0949707

-1290.0949707


-1609.18273926


-1312.73364258

-3170.14599609

-2755.98339844


-4533.14941406

-2745.32104492

-5914.28955078



-4080.53930664

-5200.39892578



-4939.99414062


-3175.58959961

-8045.98486328

-3193.17236328

-6064.64550781

-6064.64550781



-3814.73730469

-6405.9609375

-5200.90234375

-3150.91772461



-4608.22998047

-4313.21972656

-5136.20996094

-5136.20996094

-3812.16186523


-5477.63671875

-5477.63671875

-5477.63671875

-9681.89550781


-2459.45898438


-152.754180908

-2464.17871094

307.089477539

-3047.04052734

-2825.20751953

-131.93901062

-2470.6496582




437.62991333

-1960.92919922


2128.39697266

2128.39697266

147.249572754

2621.23461914

2584.40600586

2856.80541992

3332.17138672

3545.15454102

3135.12890625

3135.12890625

2631.59521484

3467.22753906

3297.91796875

3504.2019043

3647.30322266

3503.50708008







2758.06005859

4944.49853516


3918.23706055


4860.86181641



5552.640625


4205.91015625

4205.91015625


2572.15429688

4777.60986328



6250.56689453

4883.93310547



4745.82080078



9201.47460938

4587.84863281

6409.56835938

6409.56835938

8756.05761719


6046.58203125

4446.70654297

649.95892334

1463.48010254

2396.7019043

2024.26074219

3946.1640625

3972.53637695

-575.13104248

-533.893859863

-288.703338623

-511.807189941

3320.22680664

-535.276672363

2181.01977539

1471.00402832

-1262.70788574


-1867.96276855

709.426757812


558.740661621

-2184.34277344



-3034.91723633


-1322.34570312



-2991.65283203






-4250.0625




-2906.23291016


-6331.17626953




-6346.37841797

-3156.71313477

-2595.79101562

-2491.01733398

-5949.41650391


-5968.79541016

-6965.52050781

-4041.52783203

-4685.79882812

-3151.75195312

-2345.04223633

-2345.04223633

-3196.4362793

-3196.4362793

-2984.9675293



-2069.15209961

-3294.7565918

-1665.00732422



-1426.01342773

-1939.0513916

-1939.0513916

-1478.88354492

-1775.43493652

-943.702941895

-943.702941895

-943.702941895


-490.214080811



-1069.03088379

-455.467254639

-17.9977397919

928.775390625


1212.92736816

1212.92736816

-2389.74755859


-1521.76818848

1483.99328613

1543.57177734

1440.58105469

-968.950500488






2898.37719727

3071.36401367

2580.19018555

3905.68066406

3972.23413086

3972.23413086




5671.30224609


4853.30419922


4284.63183594

3551.38183594

3883.26391602

3840.32299805

3033.61328125

3269.07470703


6743.44628906

2271.79125977

3543.45214844

3388.20166016

3648.12426758

3395.98095703

3238.10717773






3980.2253418

3172.06835938

3172.06835938

3172.06835938

3172.06835938

4607.34765625


2175.13134766

5863.65332031

3406.86816406

4072.984375

4690.00048828


430.840393066

4077.52050781


1572.51660156

1572.51660156



-340.764465332

1874.25915527

-1335.25146484

-183.102706909

-183.102706909



-1886.41442871


-2228.86791992

-2228.86791992

-2663.515625

1091.63293457

-2899.4609375

-5751.29296875

-3000.57666016



-4701.22509766


-6126.67480469




-11230.7382812


-3823.11865234



-6629.99462891





-2456.50097656


-5011.71777344

-5011.71777344

-7173.56738281

-4001.11889648

-2561.53173828

-5349.47851562

-5440.38232422

-837.927246094

-4562.33886719

-1789.98999023

-1375.00317383



-503.188201904

-503.188201904

-503.188201904



59.2062759399

-1261.99267578

337.016662598

-3187.22583008

-4160.50244141

-144.17086792


-1899.21850586

732.59576416

732.59576416

826.02722168

922.43927002

1257.97033691

1257.97033691

1112.75244141

1164.89355469

2109.49755859

1772.56652832

1827.61096191

2271.38891602

2465.87133789


949.744506836


2805.70043945

2639.19482422



2367.24682617

2471.88891602


4222.56494141

3754.3034668

3320.73754883

3320.73754883




3512.38134766

3068.34716797

3068.34716797

3965.87841797




2559.94824219

2470.78149414

5903.62304688

6170.07080078

6170.07080078

6616.77246094



2276.77246094

2276.77246094

2276.77246094


6425.23925781



3449.18383789

6244.94824219

7896.61767578

5812.30957031

1252.05212402




3633.90429688

4419.39648438


3894.64331055

4215.83349609


4307.07861328


913.72467041


-14.224401474

3020.71923828

4296.86083984

4437.27685547

-383.555847168

905.74395752


-1390.87683105

-1410.03796387

-1622.72998047

-1510.55541992

-1658.57470703

-1658.57470703

-1660.7052002

-2157.69287109

-2526.7980957

-2775.64135742

-2671.94091797

-2566.16943359

-2566.16943359



-848.134338379

-3211.97583008

-1795.20166016

-2276.39404297

-1632.51513672


-2754.92944336

-4269.38525391





-2802.60449219

-4816.86035156

-1377.86132812

-3269.10522461

-4138.86376953

-7769.60058594


-2409.41699219

-3686.34399414

-3488.05541992

-3623.40185547

-3647.98754883

-2682.78417969

-2999.93310547

-2999.93310547

-3376.13012695

-2974.27636719

-3230.86938477

-2851.02880859

-3500.41235352

-3219.94848633

-2177.0090332

-2710.37475586

-2946.39233398

-2914.5144043

-2914.5144043

-3424.80664062

-3632.8137207

-2622.42700195

-2547.22363281

-4661.06494141

-4524.72998047

-2114.66894531


-842.650146484

-502.96963501

-992.031616211

-605.418518066

-392.993835449

-364.058288574

24.4534988403

-468.927307129

393.554901123

-4130.11767578



-3056.1706543

-2293.68847656

1260.36291504

-2709.25048828

-2709.25048828

959.091064453




1872.60839844

2724.42651367

3216.9206543

3216.9206543

3562.54785156





3734.34790039


4346.20458984



5735.3984375

3847.04736328

5472.453125

4182.52636719

4182.52636719

4665.45166016


4242.35791016

2877.00415039

3892.30517578

2439.27026367

2439.27026367

5448.57080078

3651.68676758

3411.46533203

2526.94946289

3957.2890625

2318.71337891

2308.69482422

2937.77416992

3174.77587891

3174.77587891

2174.72851562

3204.6262207

2454.12280273

1683.31970215

3121.12548828

3276.79370117

3276.79370117


2134.84667969

796.992431641



4624.51171875



5538.92236328



6069.74609375

-106.36491394

3825.38256836




-957.647521973


-900.878601074

-1180.34375

2263.93554688

-1637.36962891

-1539.74633789

-1824.71069336

-1713.62365723

-2219.40112305

-2043.56286621






-2607.33740234

-2607.33740234

-4115.72802734

-2843.51293945

-2572.5769043




-5043.05761719

-4342.34912109

-5691.08789062

-6150.19775391

-4109.44580078



-5475.94433594

-6146.84423828

-4105.04003906


-3585.20336914


-7276.84130859

-5029.82324219

-3880.02832031

-4743.91357422

-2640.40087891

-4287.51708984

-2180.453125

-3882.22167969

-3418.93164062

-4333.61279297


-8604.29492188

-3327.4609375

-2958.12915039

-3100.93261719

-2309.40429688

-2309.40429688


-3469.69067383


-4828.57128906



-5627.14990234


-2133.98901367


-6908.07177734


-4561.72021484


-847.288269043

-847.288269043

-3787.88671875


-873.97857666


-3920.23022461




-1311.49658203

-2495.78735352

932.751586914

1716.94812012

1120.15014648

1800.77270508


-506.736877441

2219.78930664





673.994567871



1976.96166992


2349.88964844



3709.32055664

3709.32055664

2283.7578125





4060.52539062



4375.06396484





4081.96923828

4701.71728516

2901.13916016



4145.96582031

4145.96582031

4145.96582031

3034.20385742

2241.29248047

2797.01123047

2630.09179688

2140.41650391

2616.6418457

1483.48132324


8227.80175781


1579.78808594

4116.53320312

1619.89868164

1619.89868164


944.781066895

1278.51831055



238.567016602


4995.79003906

240.820724487

1179.41760254







3335.63354492


-994.403198242



864.707519531

-1861.27526855

256.124542236


-2604.38989258






-1868.77124023


-3479.16137695

-3129.94042969

-3266.85522461



-6498.37890625

-6498.37890625


-3650.6652832



-5124.15771484









-4792.87939453

-4911.01708984



-6306.16748047


-4548.80419922

-6586.08056641

-3958.63867188

-3958.63867188



-2657.27197266



-6387.71386719

-1575.63818359

-4624.43212891

-1374.55371094

-1179.60510254

-938.262023926

-1851.85717773

-2801.24414062



-117.538124084

-137.946868896

88.8425827026

88.8425827026


-2872.95996094




1191.79211426




-556.375366211


1876.83911133

2634.45922852

2355.72607422



2457.21508789

2457.21508789






3612.37719727

3612.37719727


4348.74462891

3057.73510742






4583.70458984

5460.63525391

2733.97680664

3636.42553711







3552.91137695



3628.74047852

3628.74047852

3628.74047852

2967.21948242

2967.21948242

1714.99499512





4493.74755859




1597.45617676


3902.98706055

753.138305664

753.138305664

5359.90478516

376.982971191

81.1605529785


3632.96191406




-652.551452637

-750.206359863

-1358.59545898


-1599.03149414

-1599.03149414

-1921.81848145

-1563.86767578

-2340.77148438


-2768.27661133



-2186.62841797

-3288.50488281



-4859.08154297

-4859.08154297


-3826.35571289




-3098.85107422

-3398.42285156

-5085.93994141







-6106.94091797


-2753.36376953


-4898.60302734

-3524.18432617




-5406.67871094

-1378.59008789

-1707.5333252

-2365.07250977

-4243.46386719

-6380.52099609

-828.432434082

-2921.78076172

-2921.78076172

-338.282531738


-1399.08007812

-776.806030273



107.78754425

-372.131713867

-591.591247559





1370.23657227




2212.53955078




3082.87939453

4211.03076172


3968.8215332

5432.74951172

5432.74951172

4120.08496094

4120.08496094

4386.51269531

4386.51269531

2730.08178711

4510.47998047

4911.49365234

4911.49365234

5932.07324219


7610.12255859


6171.63916016

6171.63916016



8934.83886719

8934.83886719




4582.10058594

4427.27441406


3130.21557617


4484.84423828

430.173126221



2020.88952637

2020.88952637

4350.40576172

-1144.53186035

-525.2265625

-1120.28039551


1662.2277832



-2133.37402344


-199.849487305




-1007.3626709

-1397.92004395


-2399.89013672


-4569.40722656

-3679.05908203

-3679.05908203


-4400.11328125

-4965.08300781


-4857.67871094


-2568.82128906

-4099.03808594

-6459.42285156


-3924.69604492


-4554.32910156




-3707.91723633


-3525.27539062


-5891.64404297

-1464.10473633




-3264.20922852


-4642.9296875

-6439.68310547

-6439.68310547

-6110.98046875

-6110.98046875


-2762.99462891

-2975.85351562



-2092.59277344




-1712.34313965



-460.927276611

-460.927276611

1998.51428223


2305.11523438

2700.05639648





2689.74243164






4447.2109375

2669.22851562

3232.06884766

3573.91479492





3379.0871582

4236.32421875

5398.59472656


4254.63916016

6390.99560547







3849.8449707


9255.67773438



3220.60742188



5424.71386719


1570.28369141


2795.81274414

1100.43029785

6016.01367188

1204.32458496

5349.31298828

6689.09667969

4969.31835938

4969.31835938

1601.0291748



699.379638672






2000.19042969


-1834.20117188

-1446.50048828





-231.03894043



-2843.30517578

-328.769256592

-3271.39331055

-1971.21350098

-2501.29589844

-2085.17114258


-3844.77050781

-3587.29931641

-3590.58325195

-3541.90478516

-3766.59667969




-3647.62646484

-3431.88623047




-2174.39428711





-6031.38085938


-8519.06054688



-7197.15429688

-1398.1138916

-4975.57617188


-8548.00390625


-6987.83056641




-4669.10205078

-5531.02636719

-5600.64941406

-299.736694336

-7466.81591797

-4673.79296875

-5548.63916016



283.018829346



-2348.55395508

-3160.40576172

449.115112305




1140.27648926

-1028.35559082

1733.4375

1828.62731934

2007.14587402

2007.14587402

747.311950684

2229.07080078

2023.61242676



1654.60461426

2559.52416992



2711.08496094

2671.87866211

2671.87866211

2671.87866211

3000.93432617


2777.46020508

2644.69287109



2987.20263672



4772.03515625





3646.59741211






3961.85913086


5050.22607422

4807.40673828

4807.40673828

7201.15185547



2604.63378906

2604.63378906

2274.52880859

4057.74780273


9283.79492188

4452.23925781


2704.15112305



1376.35217285



602.758850098

4250.75048828


-288.447265625

-288.447265625

2494.03369141


4659.71875

4659.71875

2329.99560547


2176.12304688

-1650.54333496

587.261962891

-62.0810890198

-2443.87133789


-656.577575684

-656.577575684

-2067.59008789

-2067.59008789

-3554.54418945

-3554.54418945


-4553.49951172

-4553.49951172


-2673.33544922

-2673.33544922


-5751.9140625

-2086.70263672

-5166.4765625

-5166.4765625


-4473.70556641

-5672.12207031


-5475.63671875

-5475.63671875

-4678.49023438

-8537.11523438

-5038.01513672


-9469.4453125

-5645.01464844

-6106.82958984







-5937.70458984


-6106.61425781


-1986.4342041




-4024.95727539

-1081.87072754


-4092.05639648

-4448.92529297


-3077.85229492

143.734405518

637.09564209

890.518371582


76.9160766602

1339.71679688

1491.32971191

1622.56640625

1676.9440918

1825.42578125

1965.76477051



2536.53027344

97.7059020996

94.3351898193


812.51550293




2650.62524414

3370.76464844

3130.91674805

3432.61743164

4313.80224609

2924.38330078




4044.12084961

5527.39257812

5527.39257812

3221.74194336



7174.46044922


3921.42675781

3495.69946289

3066.83447266

3588.81860352

4269.75585938

3329.61303711

3614.36523438

2846.77197266

3256.91821289

5750.39501953

5750.39501953

3112.93457031

2626.88549805

2910.68579102

2154.83837891

3313.59472656

3313.59472656

3703.60302734

3167.06225586

3328.00732422

3328.00732422

3328.00732422

2112.10693359

2335.83984375



3712.89648438

6056.59570312



7794.87597656

7794.87597656

7794.87597656

-178.844589233



-478.866790771

4168.25146484



-64.4172286987

3719.70385742


1945.4005127


878.587463379



-1793.25097656

-2006.47412109

-2455.74584961

-2581.76171875

-2961.15527344

-2709.69238281


-3457.26733398

-3149.99169922

-3144.53930664

-3144.53930664

-3144.53930664



-2215.69384766



-2605.62060547


-3373.81713867

-4189.55712891

-2505.63183594

-4163.2109375

-1233.63928223

-3408.08154297

-5769.73876953

-4551.92822266

-5857.75341797

-5857.75341797




-5167.12207031

-3674.82836914


-5647.40185547


-3007.91162109

-2964.6965332




-7039.60009766

-5365.47412109







-3644.9987793

-3644.9987793

-3966.97338867

-3966.97338867


-598.300964355

-1723.07250977

-1188.03198242

-412.145904541

-908.29486084

-691.649780273

-445.807983398

-340.814300537

-250.0728302

281.601776123

560.853637695

576.508666992

617.118591309

-2671.86743164

942.640441895

942.640441895

1123.83728027

1123.83728027

-381.046264648



3251.4074707

3319.95214844

3319.95214844





3236.22607422

3236.22607422


3873.06201172

3593.89575195

3185.65014648

3185.65014648


5709.90039062


3538.30932617

5414.62939453


4736.42919922


10791.2519531

6655.64892578

6655.64892578

2567.20092773


7619.74023438



7444.04785156


7628.87353516

5678.86474609

5678.86474609


848.057434082


1796.47460938



4751.08789062



2813.35522461




2172.4296875

2172.4296875

2172.4296875

1753.90881348

1753.90881348

1753.90881348


3844.00415039


1311.93261719

803.379699707

803.379699707



39.1217079163



-733.567138672



-3790.68481445



-2890.94238281


-4930.35058594



-3539.51074219





-2322.13623047


-4350.34619141

-4556.43554688

-4355.15087891


-4822.79199219

-4940.34423828

-5540.63623047

-5912.42773438

-4511.78320312


-4961.41943359



-4272.61865234

-5296.07666016





-4442.07373047


-427.38470459

-666.399291992

-1591.51501465

-3444.98950195

-1778.75354004

-100.190788269

179.138641357

501.226501465

394.759155273

805.926940918

532.956542969

755.938842773

835.605285645

-3328.5234375

-3437.64477539

1052.19909668

1190.97058105

1603.93786621

1728.1373291

1937.11791992

1668.08996582

1668.08996582

-2125.13134766

2256.38134766

2724.32250977


2985.36279297




3339.52026367

3502.60644531


3607.30810547

3607.30810547

3607.30810547

4086.68383789




4560.66455078






4343.45166016



4080.48486328

4978.88037109




4809.74511719




4205.44921875

4942.54785156

4477.91943359

4675.37353516




5856.13720703

6791.8203125

5361.36669922

2273.54907227

3404.46655273

3404.46655273



3619.0246582

4049.2331543


423.478912354


1243.88598633

1243.88598633








-2721.06713867

-2721.06713867

-1477.45361328

-2821.64868164

-1902.95812988

-2658.74267578

-3967.09472656

-3967.09472656

-3967.09472656

-3814.5871582



-2617.23535156

-5285.71289062



-4404.20898438

-2799.88623047

-4605.6796875



-4714.94433594




-5250.3984375

-5224.86132812

-1652.80212402

-5418.01171875



-4203.45556641



-6545.59326172

-2685.8828125

-2102.8425293

-4917.80615234

-6620.67333984


-282.995910645

-282.995910645

-3275.48461914

-3530.46606445



-2668.70922852


-1063.37719727

458.138031006

1187.18688965

1535.37316895

1921.45336914

1656.79382324

1887.13317871

1973.90783691

2170.50952148

2247.26147461

2444.64526367

2688.84741211

2766.33789062

2324.39160156

2945.60986328

3172.94848633



4820.48779297

5098.61181641

1700.24609375

1351.10876465

2517.85205078

3848.36254883




3198.48632812






5201.8515625

5121.20507812

4376.83789062

4376.83789062

5640.04882812

5000.84814453

3338.41430664

5076.63427734

3512.23095703

3539.9675293

3571.46484375

3598.46240234

4398.54541016


3194.75390625

3689.34228516

1743.08007812

1144.48046875

429.364562988

1176.72741699

1176.72741699

967.119567871

1405.79394531

3695.42163086

1516.60046387

720.917541504

3645.70117188

3645.70117188



2512.83911133

1584.06567383




1292.94384766



1176.86572266

1176.86572266

193.03263855

-1292.93859863

-309.171600342

-2636.60229492

-941.793884277

-1455.46618652

-1455.46618652

-3750.2265625

-1299.69641113

-3990.08618164

-3990.08618164


-4427.6484375


-4168.39697266

-2984.41088867


-8698.74121094

-6576.88623047

-8147.91552734



-3679.70288086

-6631.86572266

-4642.04003906

-4757.02050781

-4510.16748047

-4510.16748047

-1786.28991699

-2390.07226562



-6553.63085938

-613.114196777

-4687.5234375

-3102.54199219

-3069.16845703

-1851.27758789

-3068.52709961

-3068.52709961



-490.780670166

-490.780670166



597.766906738

597.766906738






2739.84375



4601.05859375

4601.05859375

2754.04248047

3896.85717773

3809.77856445

3563.29589844

4077.17578125

5106.44775391

5106.44775391



2952.44873047

4870.15087891



4587.86279297

7453.77246094


4920.51220703


3232.95385742

3036.42358398







3837.42919922



1547.42858887

1547.42858887

1547.42858887


3079.33203125

-1241.12304688

-1241.12304688

970.690673828






-1524.12487793




-1649.67736816

-4599.2578125


-1991.49353027

-3375.8112793


-5858.37841797




-4063.43115234




-5342.90820312

-4330.81591797

-4330.81591797


-4410.06640625

-4389.921875

-5166.71630859

-4995.6328125

-6323.24462891

-5636.82568359

-4023.11474609

-3989.39501953

-3873.37988281

-3772.27856445

-4076.13549805

-4076.13549805

-3553.07470703

-3169.11743164

-3169.11743164

-3415.20532227

-3011.40771484

-2925.16064453

-2675.48193359

-1255.83642578

-1217.6529541

-915.63293457

-557.868408203

-275.312316895

-149.313034058

284.620788574





3951.52954102

3401.16357422

2374.22631836

2389.23706055


4937.37939453

4981.62109375

705.723327637

5474.23876953

4856.64355469

4856.64355469

5647.8359375


5046.61279297


3989.80126953

1519.2713623

2440.14086914

2408.7746582

7077.37988281


4333.64306641

4405.08886719

4317.79443359

5420.64013672

3411.36132812

6223.34130859

1784.73779297

1784.73779297






5026.51269531

3844.98510742

2178.52758789


1992.92114258

1942.35119629


2864.61328125







1694.60021973

1694.60021973

1459.2590332





-1920.50366211


-2223.89306641

-2480.03466797

-2480.03466797

-2189.37548828


-3031.36767578








-4194.10009766


-4289.89941406

-4315.98339844

-4315.98339844


-4368.02001953

-4636.62646484


-2692.30371094

-2692.30371094

-2692.30371094

-4192.80126953


-4219.36523438

-3709.69165039

-3675.50097656

-3243.43823242

-3075.45874023

-3309.68383789

-2772.61572266

-2349.94140625

-2349.94140625

-2349.94140625

-1900.53393555

-1821.54345703



-3292.02368164


-1689.73815918

1663.66223145

-567.585754395


-370.195098877

-215.245254517


119.730247498

1132.11999512

600.488037109

832.051635742

832.051635742


-1634.9407959



-88.5052719116



-860.487182617

3664.68920898

398.693939209

1002.57635498

1175.72607422

810.500549316


3220.38232422

4107.85839844


3972.20117188



4084.63476562


4251.67089844




4257.33984375

1404.15966797


6782.86083984

6080.04150391


4474.88867188




3570.58007812

3554.54638672



2530.96191406

2434.91552734

2434.91552734

3341.65478516

2564.31469727

2324.06274414

4691.61230469

4691.61230469

1872.39208984


1787.70361328


1368.32922363




2620.85717773

2852.14941406


564.585205078

-140.090957642


-397.949371338


1376.45568848



-1830.16931152

-1364.60632324

-1233.86193848




-173.256652832

-559.143066406



-4290.17919922


-2517.52001953


-4331.07373047


-5378.55908203

-5378.55908203


-2371.74194336


-6311.13574219

-6664.16796875

-4058.11865234

-3924.95532227



-2781.74560547

-3611.56738281

-5347.49511719


-3545.54101562

-2866.33764648

-4045.19750977

-4320.46923828

-5088.61816406


-3452.07885742



-3003.22314453

-2621.71679688

-2858.2668457


-5540.82421875



-2821.90576172

-1774.68945312



-1380.11901855

-1160.40966797

-2802.70385742

-1054.29528809

-1054.29528809

-2688.76977539

-2688.76977539

-432.865661621



577.940856934

-1806.91601562

1219.71533203




3031.54467773


2367.91381836



116.70149231

-340.457366943


2.94308924675

2.94308924675

2.94308924675


1119.41870117

403.163269043

4223.83544922


4800.11865234

3231.6081543


3054.97290039

1955.22619629

2639.53881836

1281.73596191

2090.41967773

2908.60693359


4233.05273438


6229.90283203

6029.60888672





2789.26220703

2386.47583008


3549.38183594




2841.89282227

3563.89990234




1947.37866211



3785.07177734

3013.51123047


3233.21679688

2082.18164062


2973.17236328

2973.17236328

825.064147949

2727.61914062

788.450866699

2483.73291016


2323.44067383


2252.35058594

2102.83422852

-653.907226562

-1124.66821289

-1098.4543457

-1283.85693359

720.331115723


477.539916992



-2269.08569336

-71.6637802124


-3066.93408203

329.328430176


105.060379028


-2713.6472168


-2026.36657715


-4041.38623047

-1261.27087402

-709.55847168

-1270.8840332

-1445.06811523

-1445.06811523

-1595.38098145

-1279.33190918

-1026.01843262

-4912.41796875



-4397.38916016

-4920.96923828

-4197.93359375

-1949.10559082

-3175.64477539

-1839.90637207

-954.196472168


-3340.78271484

-2581.52001953


-2961.02832031


-3537.28881836





-3703.94067383

-4557.53955078

-3923.63720703





-3636.53027344

-1931.8157959





-702.972595215


-2554.49975586

-332.192199707

-2339.93652344

-24.0055427551

-39.5586090088



1544.56274414


1728.82189941

1555.74084473


-902.131713867

2145.84277344

-886.546447754

1304.54382324

1722.51696777

1631.5793457

2154.09448242

1836.75634766

2167.8215332





2387.59814453


2288.94799805

945.110778809

1967.6776123

2944.76831055

1558.1998291

1427.87695312


1457.45703125

1742.61975098




2207.15405273

1663.05224609




3666.0559082

2013.13049316

2673.48925781

2954.92602539


2748.1496582

2811.36621094

2470.57006836

2974.53320312


3116.90332031

3472.37573242

4673.90820312



3122.51000977

3778.46923828


2713.57861328

2675.32958984



4492.76123047


3218.00512695




1597.07629395

2720.39453125

3274.47631836


61.5842819214

2549.77172852



2318.89672852


84.8623962402

84.8623962402

-426.751464844

-426.751464844





-1194.96923828

-1194.96923828

-921.662536621


-1549.19006348

660.933349609

660.933349609

-58.0021057129




-551.335388184

-551.335388184

-1133.9329834

-1435.50048828

-1535.13513184

-5145.93066406


-3733.34790039

-701.866943359

-786.735595703

-1431.5123291

-3650.77661133


-4312.86474609

-1935.05993652




-4356.45458984

-3410.8605957

-3643.90356445

-1817.35681152

-2666.20410156

-2110.03857422


-3323.74267578

-3588.83056641




-2189.48754883

-2760.17578125



-3972.05297852

-3972.05297852


-2555.99414062


-1283.0723877


-2719.88574219


-1146.21899414


-2720.84936523

-1083.49780273


-2458.08056641

-3090.796875

-2991.59912109

-3341.18920898

-827.166809082

-2920.12207031

-2752.71191406



-20.2373867035

-2219.53662109

-3006.80444336

-1796.72497559

-854.163696289

-1687.09057617

-1687.09057617

-2526.57543945





-754.207641602


-1088.3939209

-1088.3939209

















3675.88989258

3675.88989258

3675.88989258

3675.88989258

3675.88989258

3675.88989258

3675.88989258

3675.88989258

3675.88989258


3528.72607422

3580.41748047

4053.58032227

5410.70947266

5410.70947266

3096.73217773

4414.19140625

3459.96386719

4680.71875

3847.09301758



2999.34521484

2999.34521484

3793.04785156

3804.71508789

3865.72241211


3387.63818359

3387.63818359

2737.58227539

2591.80810547


1181.0526123


2534.0378418

2464.02490234

2464.02490234



166.65725708

2169.94921875



-1183.05163574

-1969.63549805

-1465.16809082

-1109.06982422

1231.78710938

1381.85583496

1901.07263184

1342.16894531


-1597.59960938

977.043640137

701.056945801

1065.45251465

306.762176514

728.478637695

-467.784423828

-235.839050293

-795.062988281

428.310699463

20.5927944183


110.806243896

221.684661865


-907.576416016


-1219.30126953

-1219.30126953

-151.102996826

-282.127563477


-2199.94921875

-1720.24926758


-2216.08056641

-2625.02294922

-2663.69018555



-2691.56860352

-1539.23059082


-5501.484375

-2464.79272461

-2844.64550781



-3410.04833984




-3936.3918457

-4936.80126953


-1811.36022949



-6391.82421875

-3990.65454102

-3014.14697266






-3690.66040039

-3690.66040039

-2234.46801758

-3097.92260742

-3282.81054688

-1047.62646484

-3007.65600586

-1902.65539551

-83.7901916504

-83.7901916504

-173.915969849


-2467.69018555

-192.936096191

-1807.96020508

-1807.96020508

-1911.20483398

668.179626465

-1164.14440918


217.45199585

-156.174911499


-806.313354492


-1723.79455566

108.997642517

-667.84942627

1246.02160645

528.517822266

-349.508270264

1571.24890137







502.147949219

507.608917236

542.116027832

583.988342285

1193.1451416

717.174621582

1013.0145874

706.016235352

3165.65087891

2006.07556152

630.334716797

1488.93713379





5187.54541016


2925.66357422

2861.8996582

2196.70117188

1356.3458252

2219.27441406



2001.29980469

2001.29980469


2605.24121094


3543.83789062

2167.84277344

2189.48901367

1678.23706055

2661.97167969



543.403625488

4059.01879883

2136.76293945

3857.49023438

3371.83959961

3494.88208008

62.2284851074

1109.06311035

3410.49414062




3010.95556641


2454.89599609


4527.05078125


1811.96582031

2283.96679688

3683.24609375


1150.60339355


1304.24780273

1461.38891602


274.814849854

-281.703582764


632.848388672


-143.980178833

-376.307189941

166.797088623

286.806884766

-736.931762695

-1274.20385742

-112.415527344

-112.415527344


-1011.00097656


-3517.34057617



-1031.82836914


-1839.93505859

-5732.47265625



-2192.51123047

-3959.73364258

-4992.44921875

-2056.27636719


-2079.52099609

-2268.07543945


-5858.16210938

-4209.39257812

-4600.05810547

-3450.38208008

-2340.66381836


-2309.34960938

-2933.33984375

-4430.421875

-3134.16625977

-4966.6953125

-4553.80126953

-4865.69433594



-5944.03125

-3871.41601562

-5164.46142578



-1776.72814941


-2839.98120117

-2411.37011719

-1346.3215332

134.911804199

-1757.10620117


1798.92175293


-180.997268677




-159.428268433

-39.9147911072


5.21921014786


884.003845215

2217.48339844


2009.49377441

111.058296204

740.131408691


1557.91247559

3208.25097656

2993.62719727

499.460906982

1091.00183105



2257.89941406


3636.82666016


4139.21484375



1727.96447754

2489.21948242


4742.25195312

6237.63183594

4063.73852539

3959.63476562


2398.74682617

3260.91235352


4804.78417969

4804.78417969

3258.64404297

407.223297119

2041.73950195

2041.73950195

1574.48095703







2627.65063477


1936.50305176



1890.17419434



-578.827270508


-232.067871094

-232.067871094

-1803.53771973

-2275.50805664

-262.223907471

-962.020935059

-1398.27148438

-2585.7253418

-753.141540527

-952.860229492

-952.860229492



-2454.81860352

-2730.00634766


-1745.82885742

-3777.66748047

-4504.33154297

-4504.33154297



-4748.93798828

-3284.41381836

-2364.76904297

-3222.63452148

-6093.30664062

-5858.27636719

-5493.57958984

-3205.09326172


-5338.55371094

-4882.26806641

-735.860656738


-1954.3770752







-4661.65332031

-2371.29907227

-3659.42797852

-2184.31835938

-1744.86120605

-2957.00341797

-1538.23254395

-1687.51928711

-823.001281738

-356.746459961

-1072.3605957

-969.292907715

-969.292907715

-1392.13977051


702.932861328

-396.337615967



284.773040771

284.773040771


862.250427246

351.162445068

1157.14904785

2202.82836914

486.539642334


1997.91748047

2354.52832031

1796.05895996

3109.77685547

3109.77685547

2281.26147461

3881.87133789

2711.49365234

3823.92529297

1721.02441406


3173.9921875

3179.6640625

2365.56201172

2476.67236328

4402.73632812



4350.09472656

3926.64257812

4723.8984375

2160.11157227

116.962799072

947.004943848

3148.34033203

3148.34033203


2525.64868164



2868.27954102


2355.42504883

3340.71557617

3692.77807617

4014.91601562

1558.37353516



2455.87158203

1318.05883789


1305.43212891


2566.42211914

1173.55615234

1288.21350098

-594.752502441

1272.38867188

684.265808105

684.265808105

-1829.49023438

408.451599121

143.203857422

181.337249756

25.2420139313

-88.0074996948

-163.520996094

-537.907287598

-537.907287598

-352.872436523

-2821.02001953

-851.955688477

-823.865478516

-144.739929199

-187.354827881


-3933.86328125

-1321.18591309

-1321.18591309


-4213.97021484

-2667.08520508

-2566.12036133

-1445.66015625

-5244.9609375



-5364.82910156

-3052.92724609

-2480.76635742

-2577.86401367

-2610.26879883

-4631.79541016

-4102.87597656

-3940.48803711

-3027.07519531

-3483.56005859

-3478.30322266

-4132.75244141

-3177.5871582

-3119.89331055


-2534.8034668

-2534.8034668

-3977.26147461

-3850.76904297

-3600.37402344

-1980.47949219

-3639.67919922


-4031.12060547

-2527.12670898


-2430.35742188

-3313.76782227

-3209.51660156

-685.967712402

-2247.23681641

-2622.04321289


-2454.21801758

-2454.21801758


-1773.38757324

318.523010254

-1564.72070312

-973.678039551

-1720.62023926

-1334.24060059

-831.051269531

-885.864074707

-654.510375977

-355.981536865

-156.83026123

-156.83026123


-26.9133777618

30.6426868439

209.792922974




3329.75097656

712.804077148

712.804077148

821.674377441

2541.25952148



2740.328125

1048.08337402

3283.27392578


1910.14050293

1318.40795898

1851.48132324

2464.28540039

2464.28540039


3683.0012207

3444.07519531

2801.65942383

3939.99731445

3893.53540039


2979.140625

3969.98486328

1121.11413574

3200.2746582


3137.81494141

4234.05810547





2122.23681641

4213.80224609

797.92980957

3874.23876953

1192.06811523

2091.58959961


3183.48510742

2723.41870117

2723.41870117

2994.70263672

2438.59277344



289.184265137

2716.8203125

211.005737305

1235.68811035

1349.8704834

1798.64123535

1599.50134277

846.206298828

2130.6862793

274.852020264

975.892578125

1047.32470703

1671.23205566


1043.08361816

954.974304199

-711.61151123

653.798583984

408.838989258

408.838989258

213.266677856

213.266677856

213.266677856

25.6955184937

-76.9375152588


-522.784851074

-522.784851074

-535.864440918

-1150.51525879

-929.521057129

-1162.23840332

-1478.25622559


-1375.55712891

-1077.81762695

-1077.81762695


-892.965820312


-4264.81640625

-4737.03662109

-1867.47717285

-2483.58349609

-1558.45068359

-3701.43164062

-1789.8996582


-3015.53100586


-1837.01721191

-2980.31591797

-2980.31591797

-3600.91308594

-2863.45263672

-3498.05102539

-3964.10107422

-3478.11889648

-5100.91455078

-4942.95166016


-2817.2512207

-2736.640625


-4192.76904297

-3654.82543945

-3253.04736328


-2983.36914062

-2983.36914062

-4210.93945312

-2446.76513672


-985.031799316

-3314.52758789

-3314.52758789

-3795.83740234

-1928.19348145

-668.372924805

-2521.08789062

-2521.08789062

-191.299087524

-641.713317871

-2184.53662109

-2470.36645508

-2035.48217773

-2306.61645508

-1360.51220703

1134.32580566

-1506.8125


-1072.02575684

-914.302612305

-865.369384766

-865.369384766

-611.599975586

-868.985229492

-682.208251953

-682.208251953

-382.723144531

-220.181304932

-125.069725037

-64.9419021606

2685.47021484

1865.72412109

163.703155518





1716.1607666

1053.73156738



2179.99584961

1278.77697754

975.626220703

2583.55419922


1209.96411133

1628.09191895

2437.07177734

2437.07177734

2164.53662109

2207.78076172

2936.04370117

1912.00231934

2731.42602539

4116.10986328

3193.82177734

3193.82177734

2671.06713867

2167.63574219

3092.09204102

3092.09204102


3420.27563477

3654.34765625

3242.9753418

3318.18334961


3319.91723633

3319.91723633

3413.98828125

3698.87255859




3447.63525391


2661.76489258

3495.09814453



3203.06640625

3510.73217773

3510.73217773

3510.73217773

2490.63745117


593.36340332


57.3042488098

2112.55908203

2112.55908203

-398.280609131


-505.200073242


1384.19702148

1383.7467041

-1036.29821777




-939.212280273

432.914916992

-1681.26074219


-1978.15661621

189.169265747

-381.661529541

-162.003250122

-817.499450684

-2891.23413086

-646.359313965

-755.307800293

-1116.34716797

-1133.2935791

-894.097961426

-1663.32946777

-2087.2175293


-3425.421875

-1980.52758789

-3038.90771484

-3038.90771484




-2885.46191406






-2646.88330078

-3106.39379883

-2834.80541992

-2369.24731445







-560.95098877

-1257.46923828

-5217.984375

-2900.70654297


-4328.09521484

-3240.20874023

-3818.43554688


-3721.80078125

-3622.52734375

-2727.05126953

-2727.05126953

-3194.90893555

-3275.26928711


-2731.62744141

-2487.63623047

-2837.31152344

-2513.44140625

-2602.40161133

-2602.40161133


-281.009643555

304.212921143

304.212921143

-2481.85351562




-1327.76806641

-1249.70349121



1968.70788574


-299.269775391

-485.998809814


-491.197357178

-350.76449585

-350.76449585



4238.10693359


2756.01123047


790.090393066

1326.74597168

1073.24328613

1095.64343262



1276.17956543

1371.04968262

2362.94897461

2758.15893555




1649.98193359

1882.75158691

4075.09033203

1429.11340332

1698.78735352

2647.171875

1742.67883301

2420.46875

3655.08740234

1712.81945801

2666.08398438

4173.22119141





2183.93945312

1777.79003906

4127.78173828

2062.00170898

2062.00170898

2033.04711914

2271.01611328

3121.94628906

3122.29150391

4593.91162109

3824.72924805

3029.79003906



1592.53979492

3723.59228516

4158.73779297

3185.40429688


3350.53613281

3196.18847656


3034.52563477


3262.71289062

2551.45996094

3067.07666016

339.620880127


2144.68701172

2144.68701172

1891.44946289

2277.42114258

1936.7010498



1588.31689453

1218.95288086

-1082.50830078

1572.86364746

-1021.206604

846.017822266

846.017822266

730.889953613

855.036682129

887.756530762

-2107.97094727

437.639648438



-504.888702393

-1100.98181152

-1100.98181152

-1324.22692871

-351.441558838

-1073.41870117

-1898.84118652

-626.329650879


-779.424987793

-2200.81958008

-1325.90588379

-2560.39819336

-2293.8449707

-2338.93139648

-1446.85412598

-1446.85412598

-1446.85412598

-1446.85412598

-1603.00366211

-3411.09765625

-2101.10107422

-2101.10107422

-2101.10107422


-2438.97729492

-2614.21972656


-2711.9387207


-3388.68530273


-2848.99169922

-3071.04052734

-4424.04785156

-5225.00732422

-2384.61083984

-2384.61083984

-3241.68579102

-3233.25512695

-2239.38842773

-2872.57006836

-3535.93066406

-3966.67456055

-3967.03613281


-3609.15917969

-3301.85766602

-2653.05444336

-3999.43481445

-3004.48486328



-2345.19628906


-1119.89941406




-2259.9152832

-2356.4074707




90.0412445068

696.745422363

-1478.9552002

-1942.03869629

-1942.03869629


-2064.44873047


-958.634033203

-958.634033203

1128.52770996

-1311.09765625

2718.83911133


77.0269241333

77.0269241333



285.666290283

430.355224609

34.8067512512



1251.69384766

1916.76452637



2375.51538086


2324.32592773

2324.32592773


2813.78198242

1942.67224121

1616.46972656

2291.98632812

931.629089355

3617.94262695


1831.60986328

2778.38452148



2098.55078125

1782.08752441


5016.99365234


3900.46240234

4447.10693359

857.880187988

3538.82592773

2538.96191406

2758.63110352

3628.12475586

2777.55322266

3795.484375

3726.08544922

3726.08544922




4041.61352539

3084.68579102

3849.94262695

3849.94262695

3512.84887695

3512.84887695



2193.07495117

1403.15112305

2573.99780273


192.664642334

2605.34692383

2229.44873047

2229.44873047

2367.43701172

-100.780036926

-310.611877441



-634.344482422

1622.51538086


-481.421203613


1473.61010742

-1604.41906738

256.016784668

-856.519287109




-111.112350464

-111.112350464



-47.4276809692

-408.864532471

-146.337722778


-3827.08349609

-1084.18371582

-998.25189209



-3180.66381836

-2986.98193359

-2108.10424805

-2225.20043945

-2225.20043945

-2718.5559082



-2844.10229492



-3076.03686523

-3076.03686523

-3424.93774414


-2435.87207031

-2635.23681641

-3041.99633789


-2523.71362305


-2376.1796875

-2653.36987305

-6655.08398438


-3598.26733398


-3699.97924805




-5527.56787109

-2337.33422852

-2272.83251953

-3362.62060547

-3362.62060547

-4229.80371094

-3124.08764648

-3194.72436523

-2618.66699219

-2815.4609375


-2352.95874023

-2352.95874023

-2352.95874023

-2352.95874023

-2343.57788086

-2247.69506836

-2502.62890625

-2502.62890625

660.23248291

-1489.02160645

-1672.12207031

-1608.1184082

-367.140228271


1088.54968262


1610.26696777



-75.1749725342

3228.45629883


-341.941955566






654.92376709


1907.85998535

2011.06616211

875.074279785

912.072998047

1538.10498047

2626.20727539

85.4864807129


3706.17993164

3481.47045898

3481.47045898

2533.85717773

2533.85717773

1970.73999023

1970.73999023

3067.83422852

1782.91845703


2836.94433594



3203.33935547

2537.11694336


3177.84326172

4029.03881836


4304.22607422

3602.99609375

3821.54589844

1114.75317383


1872.68493652

1872.68493652

1530.71289062

3497.16772461

3497.16772461

3197.7722168

3154.875

3427.12548828

3142.17089844



2843.74243164

2501.38793945

2726.5703125

-475.647491455

2186.24414062


-367.453674316

-367.453674316

-650.580505371

1720.24304199

1398.14489746

1398.14489746

1398.14489746

336.311645508


-636.16217041

920.831115723

-2224.36010742

-2224.36010742




-512.092224121

-2913.2734375

-12.3053197861

149.656341553

-1591.10644531



-2160.23583984





-5017.5390625


-1894.27514648

-1123.27685547

-2107.63574219

-2107.63574219

-3107.33520508

-1741.30200195

-1897.59667969

-1897.59667969





-5184.01708984



-3060.34863281


-3848.68408203

-3848.68408203

-3848.68408203

-3880.49829102



-5528.92675781



-3750.28198242

-2732.89526367



-3430.96728516


-2830.20214844

-3217.20849609

-3486.23510742


-2523.97216797


-1181.31811523

-1181.31811523




-1867.828125

-1867.828125



-466.398590088

-466.398590088

-1125.56628418




2127.88818359


354.836486816

570.929199219




2437.19970703

1633.60241699

1240.86132812

1305.36132812

5305.48095703


4260.10839844

3768.81713867





2838.86669922

1842.66638184




3150.78100586

2732.42944336

2392.94482422

2706.61450195


1672.09216309





2838.83959961

2838.83959961

2838.83959961

2838.83959961

3444.39331055

3962.86572266

3388.42895508

3561.99145508

2433.52026367

3281.16723633

2754.62939453

1720.54150391



5530.31835938

4378.00537109


2091.32714844

2091.32714844

2270.34155273

1912.03173828



297.756286621

1660.32189941




-656.219665527


1600.35229492






68.399810791




-3679.71069336

-3934.89331055


-901.928894043


-1440.53088379

-885.600219727


-1751.95141602


-3374.92211914

-971.613525391

-5612.92822266

-2831.38061523

-6275.78271484


-5034.92822266

-1363.87036133



-2301.64770508

-2670.11743164

-2507.05273438

-5359.87011719

-3724.05639648

-4977.46630859

-3708.20825195

-5794.54003906


-4452.50732422



-5942.84375

-3712.88061523

-1860.80847168


-2967.62133789

-3788.47827148




863.325500488

-2800.03710938


-472.23916626

-2830.87524414

-2591.94287109

-2973.53540039

662.402282715

662.402282715

-1948.41821289

-308.889251709

-2830.53027344

-1826.52624512


774.706359863

1024.94921875


1653.09448242

-676.912719727

1274.8807373

-684.084716797

-576.909606934

-263.735321045

1414.95397949

-269.386260986

-21.8244686127


92.116645813

2256.43359375

3764.29736328

3442.6730957

2722.37939453


3311.32861328

2937.16333008





3458.078125

3923.08398438


4576.38671875





3945.36401367

4120.79003906

4120.79003906

1966.8684082

2519.71728516

2607.11279297

2477.06884766

2477.06884766

2254.421875

2689.10400391



2983.76635742

3046.65063477


7241.83398438

2500.33544922


3255.92016602

2483.01489258


3161.92626953


2939.3190918

3394.94946289

3341.43481445

1864.05383301

1261.32226562

2976.55444336

2657.65795898



2507.64648438

110.982727051

2135.99487305

2187.55688477



1410.43444824



-1910.32885742

964.800537109


-1986.08190918


-1886.81311035


31.5276546478

-3316.52929688

-3711.75268555

-3711.75268555

-3711.75268555


-3666.31396484

-4074.72436523

-583.415405273




-5482.47753906

-5251.97265625

-1408.47644043

-5295.15136719


-1584.90332031

-2125.7434082

-2786.95922852

-2842.18896484







-1995.46740723

-3639.48999023


-2389.84204102


-2364.61108398

-624.384521484

-1895.33837891

-2077.98022461

-2070.92456055

-2070.92456055


-4916.05126953

-5099.14404297


-4084.99731445


-2878.98046875

-3146.07983398


-965.435302734


-1239.56213379

-3062.16943359

-2955.94775391


-2589.46313477

-2364.90576172

1564.88562012


-1873.48669434



-1576.98034668



-343.443878174


1018.70794678

1978.78442383


2581.48876953

5320.82080078

1783.1784668




1218.20874023

468.26071167



2574.35742188

2656.10131836




4303.89794922

4303.89794922

2974.44897461

3214.04492188


3722.72241211

5629.296875

4283.16552734



4428.02246094


7318.83935547

4602.46679688

4602.46679688


6202.30957031

2096.95214844


4933.81103516

6498.50195312




4887.45507812


3201.04638672

3201.04638672

3343.75585938

147.678314209


3599.44433594




1180.78601074

2495.1862793


-170.894317627

76.3879089355

76.3879089355

76.3879089355

-1385.56652832

-903.52911377

-903.52911377

-903.52911377

-1409.73168945

-1433.42687988


538.680297852

-442.626831055

-2763.59814453


-2898.89697266




-3489.01538086

-2061.85864258


-5399.86914062

-2878.44311523

-6364.11962891

-4679.95068359


-3924.35424805

-3187.20703125

-3187.20703125

-4052.04589844

-2094.97485352

-4593.60302734

-2343.35913086

-2785.56396484


-4111.95703125



-6475.91015625

-3166.82177734

-4930.29150391

-3277.49462891

-3277.49462891

-5486.45019531


-5196.26611328

-2371.08544922

-2099.73535156


-3082.32177734



132.790939331

-2421.90991211

-2688.61181641

164.643157959

164.643157959

-3338.30322266



-2805.81005859


-449.980316162

25.371471405

-2668.48632812

-1616.09313965

-1626.97180176


1301.86206055

1695.00231934


1902.4552002


2499.88378906

2531.32275391

3030.66064453

3083.01147461

3494.03320312

3289.32617188

3690.46655273

3378.0612793

3386.95117188

3830.1940918


2810.76489258

6517.76513672

908.501342773


1432.81311035

2929.87451172

3242.10644531

1935.70935059

6664.14257812


7199.66748047


5794.61572266

3798.43139648

4730.44970703


5627.12988281

2918.31445312

3088.36987305

2595.35864258

2511.10595703

1323.08874512



2130.53686523

2130.53686523

-871.252929688


2452.43115234

85.0309066772

1698.96313477

-2789.76367188




899.181335449

-2317.99560547

-2711.34057617


-498.400543213

-3429.63745117

-2767.3137207

-4985.44140625

-3250.76196289

-842.727661133

-2852.29760742

-3618.46240234

-2678.59423828



-5221.33251953


-2404.33007812

-2404.42407227

-3001.48535156

-4825.45556641

-4825.45556641



-5192.86279297




-5591.0

-5591.0

-3116.46313477

-3548.42456055

-5581.90234375



-2903.39550781


-3041.13476562


-3173.35668945







-309.136138916



615.172058105

814.64263916

894.558837891






2391.37866211


2093.28466797

625.470581055

3350.8737793

3357.40087891

4233.25146484

3919.11010742

3919.11010742

3631.5559082

4458.26464844



6643.80322266


5947.05517578

5821.49853516

6034.34960938


5487.89599609

6254.45605469

7032.88671875

3409.44580078

6643.35400391

5229.26904297

5229.26904297

3589.00976562

877.586120605



4818.33447266

144.093139648

3225.16772461

2715.6171875


1610.20593262


3892.77197266

3711.34155273





1797.01196289

1766.15881348

-927.008300781

-1037.50305176


-1306.3013916

-1471.64025879



-2104.44482422


-2272.9831543

-2272.9831543

-2497.41186523

-2720.53125

-4935.70458984

-2382.12304688


-4061.09887695

-3074.32885742

-2193.51000977


-3625.32861328

-3907.73364258


-4977.84472656


-5365.86572266


-4616.18603516

-4302.13574219




-4352.35498047


-6735.44970703




-2149.37060547

-3921.3659668

-3662.44970703

-3138.38696289

-3370.10864258

-4240.39990234

-3231.00488281

-2503.57202148







-1165.35522461

-2664.28564453

-2664.28564453

-2664.28564453

-2051.07275391


-1534.75268555

-1033.88793945

-1151.90002441

2253.57299805

474.038909912

1055.24621582

1311.35754395

68.6542892456

3084.94262695

3319.67700195

2962.23413086

3517.76708984




2625.29931641


3857.30541992

3653.66870117

3890.91552734

3890.91552734

5466.88964844

3950.11645508


4748.97167969





2295.46386719

4306.04492188

5700.02294922



561.30291748

561.30291748

561.30291748

561.30291748


4489.85888672

5019.43554688

3064.04541016

3331.86523438


2722.92602539

4712.43701172


4031.81591797

3257.35986328

1065.93835449

2819.38769531




2643.5847168



2094.63745117

1675.74523926

1744.22229004


1432.02453613

582.034301758

-1539.37548828

-1436.08959961

-1689.20336914

-2015.38122559

-2367.95556641

-3180.82373047

-3114.66479492

-3433.00830078

-3396.06958008

-3990.42724609

-3760.29589844

-3948.66186523

-4467.97412109

-4272.91357422

-4584.2890625

-4223.74951172

-4322.75732422

-4484.6640625

-3426.07739258

-4357.32568359

-4357.32568359

-4357.32568359

-3959.11816406




-2837.54443359

-6966.25488281

-5692.24951172


-3337.27172852

-3900.52563477


-5355.00830078



-2698.76147461







994.874328613

-38.1594238281


-2339.09228516


2353.1237793

1196.66552734


1329.02038574

-1457.34985352

1177.75683594

-1071.62695312

2755.33007812

2111.95776367



2097.53808594

2367.27661133


3236.09985352

3113.03833008

3185.96386719

819.73223877



5620.45458984



4231.79736328



3886.61230469

3950.30786133

4288.59472656

4008.29272461

4691.29736328


4650.87695312


4890.52099609




3186.82885742

3541.91162109

3133.99902344



5440.01708984












526.550292969

2370.8984375

2060.44116211




1813.7520752

1813.7520752

-997.866943359

-2129.11083984

1058.50708008

1065.91943359

-2198.67480469

-2658.84204102



-2709.01928711

292.68359375

292.68359375

292.68359375

-3539.7644043


-3480.3059082

-7107.84472656


-2787.40576172


-5842.60400391


-6587.15332031

-6704.81005859

-3834.15893555

-7174.61474609

-5744.6640625


-4190.27099609


-4541.16845703


-3940.97998047

-5290.6953125

-4467.94726562

-5052.37695312

-2506.8215332

-3605.01806641

-3605.01806641



-2011.05053711



-770.702209473



-414.487365723


1398.55603027

1718.25415039

152.85005188

975.627624512

3328.95288086

4996.81738281


4102.90576172

4036.58740234

6228.5078125

5211.37304688

5211.37304688


3795.23632812



6005.83642578

6935.60253906

5983.81591797


5507.61621094

4379.19287109

4854.77050781

6490.17285156

5436.81445312

4504.22900391

6648.12988281


2624.38330078

3527.88378906

-221.078964233








3923.63330078

1109.46154785

533.111694336

218.335617065

90.5999679565

-212.394989014

-382.074981689





-1549.35107422

-1549.35107422

-519.168823242

-519.168823242


-3944.5847168


-3422.28295898


-3020.3815918


-3186.68432617

-3598.06811523


-3494.63012695

-3657.52832031


-3785.58813477

-4065.07104492




-5406.92724609



-3317.20605469


-4219.328125


-4670.83886719

-3516.76416016

-6083.65332031

-6809.43310547


-3309.02587891

-1584.03979492

-4328.97851562

-4328.97851562

-4332.75292969


-3743.22363281

-217.43649292



285.08404541

-828.775817871

-2428.58129883


-854.055603027

-621.600463867


-198.842651367



3704.8203125


-210.84727478


2515.24194336

1010.23693848

2748.90014648


4944.27978516

1951.22875977


3375.2487793


3421.74169922

3602.28100586


4166.47558594

4805.10498047


5366.95898438


5263.43017578

4709.734375

4694.07470703

4201.00634766

4624.78125

4031.80053711

4646.640625

4307.57080078



3073.09082031





3573.79101562

3323.43603516

4534.91552734

1145.81335449




1021.08117676

2960.75366211

2960.75366211


-133.369613647





-440.440673828


-4303.48925781

-2722.98950195

-5450.04833984





-3549.93139648



-5082.82714844




-8746.99609375

-5309.91455078


-5467.13574219

-3613.43774414

-3124.22680664

-2901.31811523

-2701.3828125

-3095.7175293


-2646.84570312


811.820251465

-2579.08105469


-2072.75048828

-2072.75048828

-1990.97277832

-1990.97277832

-1789.0090332



1599.45483398


2780.14013672

2095.74414062


5368.94775391

5589.59082031




3487.88745117

4363.48388672

4321.109375

5255.39111328

7081.25341797


7509.88037109


7702.08447266

9492.37792969




5394.20361328


6363.43261719


8973.58300781


3164.60375977

4186.52246094



2123.27001953



365.353118896

365.353118896


52.0390205383

-88.891960144

-387.726135254

-1327.45373535

-1367.15222168

-999.338012695

-1553.30712891

-5412.67138672


-3678.3972168

-7512.19384766

-5758.12109375







-5287.62548828

-5141.515625

-5141.515625



-4393.51953125




-3849.45483398

-6258.14404297

-6258.14404297

-4628.81445312


-2417.59594727


-4000.2121582


-1312.61181641



-4085.73779297

-4085.73779297



-3773.54492188



-2730.90185547


488.861236572

2540.95996094

-1227.5567627

2771.23779297

1369.98754883


1030.53369141



5440.53125

