
3686.4987793 

3822.26538086 

3693.9387207 

3706.89038086 

3712.16210938 

3859.66308594 

3729.9519043 
 

5547.03613281 

833.897644043 

6252.64501953 

2416.40600586 

2416.40600586 

523.560546875 

3075.76708984 

2468.83227539 

6449.2109375 
 

1749.86303711 

1749.86303711 

1418.82202148 

3385.9699707 

246.461502075 

27.0737304688 

534.171691895 
 

2291.41601562 

1105.35058594 

933.56628418 

1307.63525391 

3367.2043457 

1180.02307129 


1128.95373535 

1241.49560547 

5302.29882812 

454.988067627 

9499.01269531 

2434.45556641 

2024.47265625 

9062.49511719 

2249.45703125 

2892.99853516 

3049.49707031 

2901.19262695 

3818.49560547 

3069.77172852 

4276.31835938 
 

3805.0546875 

-448.576629639 

-448.576629639 

-1048.6048584 


1048.0970459 

810.297546387 

1963.84606934 

-2135.67797852 

-140.426254272 

-5516.37011719 

-64.7701721191 

-2778.10717773 

543.364501953 

-2273.78222656 

-1536.73571777 
 

-145.925430298 

1283.13696289 

-708.665466309 

-650.28692627 

-650.28692627 

-1138.37573242 

-2159.63891602 

-2916.46704102 

-617.443054199 

-1208.53625488 

-2183.11108398 

-2014.24035645 

-6600.06005859 

-5278.359375 

8895.07128906 

-6506.51953125 

3238.6574707 

4219.81640625 

4219.81640625 

3799.30737305 

3629.58837891 

3935.83081055 

-4295.75830078 

-4295.75830078 

3646.1328125 

-4246.99951172 

-2681.18066406 

-2677.9921875 

-4908.4765625 

-2442.69873047 

-2442.69873047 

-2810.04199219 

-2584.18310547 

-996.750915527 

-3741.68115234 

-895.257019043 

-803.775085449 

-2157.62817383 

-1048.95617676 

-2641.42822266 

-2949.97900391 

-1439.02722168 

3392.24975586 

-780.412536621 

-4119.91357422 


400.036560059 
 

-593.508972168 

-734.295898438 

-429.89654541 

-895.519897461 

-998.59173584 
 

-1058.22363281 

-1590.26831055 

2040.95446777 

2115.67822266 
 

-775.558837891 

2168.50854492 

733.389648438 

-115.20778656 

768.836181641 

1703.84570312 

442.414825439 

952.493286133 

1815.77282715 

1815.77282715 

1688.14233398 

2482.46655273 

841.037841797 

332.81427002 

1450.49145508 

375.188262939 

1067.70458984 

2174.45556641 

-2237.0246582 

1630.82421875 

5063.81152344 

5063.81152344 

4470.57910156 

5008.35693359 

5008.35693359 

822.322143555 

2410.39624023 

1014.07800293 

4362.02294922 

2109.78442383 

2209.79418945 

1975.18774414 

3767.28051758 

-5408.17578125 

2831.61157227 
 

4353.63818359 


3793.16040039 

3341.55932617 

5741.78320312 

5492.38525391 

423.010955811 
 

3171.55078125 

3719.42993164 

5876.3828125 

810.940734863 

810.940734863 

761.124755859 

4651.83789062 

67.5576553345 

50.2079658508 

596.67010498 

596.67010498 

-6241.41845703 
 

-1010.81854248 

1140.83227539 


830.102416992 


799.712158203 

3409.9597168 

787.422424316 

-7027.10791016 

1506.89562988 

1506.89562988 

594.085083008 

1421.65979004 

-351.970001221 

-6560.78417969 

1196.47399902 

-4956.28857422 

1140.88305664 

1140.88305664 

-4981.42333984 

-62.5261459351 
 

-766.051818848 

-766.051818848 

-2151.484375 

-1735.92126465 

-478.357391357 

-478.357391357 

-478.357391357 

-1046.90405273 

-1046.90405273 

-2416.00878906 

-1456.3560791 

-1944.44677734 

-3822.51464844 

-3822.51464844 

-1280.3996582 

-3838.27539062 

-3722.95678711 

-2884.71948242 

-2244.80664062 

-1361.78552246 

-1160.33459473 

-3243.31738281 
 

-1012.08764648 

-5858.22802734 

-2319.87475586 

-1273.20825195 

-1273.20825195 

-4459.84423828 

-468.636230469 

3067.92163086 

-6008.86279297 

-2429.99853516 
 

-2551.95849609 

-303.007446289 

-2676.48144531 

-5350.921875 

-5350.921875 

-2.43669013855e-08 

-2.43669013855e-08 

-2512.91894531 

-1374.57592773 

-331.269805908 

-1663.24523926 

-5185.64990234 

-5185.64990234 

-4834.12744141 

-1647.16760254 

5801.49707031 

5801.49707031 

-553.311706543 

2857.17333984 

-636.739501953 

-1428.0670166 

-1933.57299805 

4738.73388672 

-4685.54736328 

723.671447754 

-1811.98144531 

-1811.98144531 

-1811.98144531 

-1760.06262207 

1199.39208984 

-1002.2723999 

3056.91137695 

-1872.30786133 

-1872.30786133 

546.533630371 

1428.47717285 

1566.49121094 

-24.1136264801 

879.460144043 

-185.402648926 

1887.91687012 

-6.31597089767 

-36.5015792847 

6288.49902344 

18.4431362152 

479.350952148 

2592.59887695 

2592.59887695 

4694.59765625 

3627.74267578 

3040.34667969 

842.00567627 

353.744873047 

2938.75708008 

1986.81994629 

1681.23010254 

2229.82397461 

1855.0826416 

784.640014648 

996.603271484 

2443.61230469 

1794.71569824 

1851.02734375 

1411.49829102 

323.856414795 

323.856414795 

259.997497559 

2564.18310547 

1792.83996582 

1587.30969238 

2447.46557617 

1591.96191406 

3020.44946289 

2339.48242188 

2339.48242188 

606.089538574 

1775.01794434 

4907.43847656 

2800.3359375 

556.171447754 

2105.48364258 

2628.01977539 

-25.0878238678 

10.5269784927 

3088.37963867 

1934.09631348 

2281.14160156 

1095.87780762 

-3214.55004883 

2179.94360352 

-370.007629395 

-1360.46691895 

-1801.23803711 

-1202.09301758 

-1409.53503418 

1537.60070801 

254.739761353 

101.532295227 

-47.9258079529 

-193.33102417 

-3524.19897461 

-3121.33032227 

-3141.22070312 

-1631.62097168 

749.253234863 




561.893371582 

-2788.50390625 

-3601.41674805 

-2126.22167969 

-2306.41699219 

-3982.83544922 

-3982.83544922 

-3645.23339844 

-4704.62353516 

-2961.91137695 

-2347.55029297 

-5719.25146484 

-7814.59570312 


-3896.38964844 

-6363.25244141 

910.201416016 

910.201416016 

968.443054199 

1566.63977051 

1566.63977051 

263.350128174 

1030.60620117 

1895.66186523 

-5566.16796875 

-608.56817627 

-608.56817627 

-4681.35888672 

-4395.90234375 

-4594.90917969 

-2467.06542969 

-2034.92541504 

-2513.96533203 

-2167.21118164 

777.333496094 
 
 

-4255.61425781 

35.3043136597 

361.664520264 

334.94128418 

689.1015625 

563.190673828 

791.580383301 

791.580383301 

1451.34472656 

2280.07421875 

1677.61218262 

2415.22729492 

1852.08337402 

2280.99829102 

2418.27270508 

2746.52416992 

4129.07177734 

3036.36547852 

4508.54199219 

4712.90966797 

4712.90966797 

2736.23901367 

2736.23901367 

3506.8605957 

5275.78857422 

5024.99951172 

3634.21704102 

3781.54394531 

5254.06054688 

3786.48095703 

4878.59667969 

3519.51220703 

4803.87597656 

3506.00634766 

4637.22802734 

3314.39648438 

5300.63330078 

-1065.67358398 



3250.57885742 

1850.4317627 

1563.7043457 

1288.86071777 

1526.18554688 

923.759399414 

818.758544922 

1136.18347168 

-2562.34179688 

-2562.34179688 



-1562.73242188 

-2533.44018555 

-2847.8815918 

-1994.58813477 

-3142.46606445 

-2205.37866211 

-3606.48291016 

-4045.37597656 

-7296.44189453 


-3604.10742188 



-2175.32714844 

1334.25378418 

588.465637207 

-5902.61816406 

-3931.23803711 

-5397.65234375 

-5085.32470703 

-4548.37744141 

-5531.15527344 

-2559.82714844 

-5544.96728516 

-206.658966064 

60.0625190735 

-3631.46655273 

-3631.46655273 

-1315.76147461 

-2877.79833984 

-5293.18847656 

1120.86987305 




-2212.86328125 

-2751.6640625 

-1699.31884766 

-2258.67407227 

764.039794922 

-1522.64916992 

4932.28564453 

-908.366394043 

-811.659851074 

1955.56884766 

336.198394775 

1030.19262695 

1160.02600098 

1348.18139648 

1603.57177734 

1419.95288086 

1925.54003906 

3391.38549805 

3593.21435547 

3282.17675781 

4058.28369141 

4382.28125 

4182.36474609 

460.37512207 

4352.07910156 

4671.94189453 


3209.20361328 


6709.75341797 

6936.08642578 

2502.73925781 

6502.29443359 


1362.70703125 

6333.67138672 

6319.25292969 

4437.22021484 

5091.81542969 

5091.81542969 

6727.29833984 

6698.43994141 

6314.40869141 

2979.50561523 

5171.33691406 

-2527.06665039 

4278.28027344 

3834.53051758 

3834.53051758 

1343.89709473 

244.638900757 

5624.85449219 

-394.210601807 

2927.234375 

-378.192352295 

-1207.28430176 

1793.20861816 




692.842773438 

1504.60888672 

-7018.84277344 

1711.72546387 

-2169.54296875 

-2169.54296875 

-972.277160645 

-287.60546875 

-587.075317383 

-914.286437988 

-914.286437988 

-1125.9642334 

-1934.50195312 

-564.315917969 

-3935.67529297 


-2166.40307617 

-5343.20654297 

-1107.79931641 

-3239.44970703 

-4936.85351562 

-5427.28955078 

-4715.09863281 


-3842.8293457 

-6880.89257812 

-5307.32958984 

-7255.1015625 

-4639.07080078 

-4728.74365234 

-5996.74951172 

-1111.37866211 

-4683.765625 


630.648254395 

-7271.61035156 

-6105.24609375 

-4442.42382812 

-4387.09326172 

-3840.16625977 

-3695.42211914 

-2762.0793457 

-3029.26904297 


-3565.73071289 

-335.054992676 

-335.054992676 

380.51361084 

-145.376754761 

-28.7663803101 

-28.7663803101 

-28.7663803101 

900.846313477 

969.278015137 

-803.646057129 

-1269.03540039 

-788.515563965 

-553.280212402 

-328.648101807 

-697.47064209 

-231.281799316 

2488.41088867 

124.215736389 

223.950393677 

1682.47033691 

2350.61303711 

3401.15625 

3401.15625 

1425.24865723 

497.890686035 

4702.52050781 

3254.90795898 

1915.80029297 

1915.80029297 

3287.34667969 

1201.87438965 

4945.12158203 

5704.42431641 

5165.92382812 

2173.24926758 

4784.59082031 

7714.26367188 

5375.65722656 

3376.29956055 

3229.48120117 

3229.48120117 

3229.48120117 

3588.07592773 

3909.41894531 

2186.84863281 

6252.24169922 


5905.70800781 

7194.91015625 

7478.12451172 


4278.9296875 

3054.08203125 


5437.60205078 

3595.02856445 

3212.20141602 

4360.23291016 

3105.46435547 

208.556030273 

3571.13500977 

-4030.54296875 

892.270690918 

-539.486206055 

2643.27783203 

2540.54370117 

1595.34765625 

-972.565856934 

-972.565856934 

-1441.44836426 

657.966125488 

367.297393799 

757.200622559 

-5673.54882812 

-466.611877441 

-640.663269043 

-3011.53149414 

-4818.08056641 

-4069.78051758 

-7384.38085938 

-3835.81811523 

-4376.88427734 

-2445.66186523 

-3435.90942383 

-4091.33325195 

-5042.88916016 

-3622.59790039 

-3621.08398438 

-5359.6875 

-5703.71191406 

-3710.51464844 
 

-3689.53271484 

-3664.27368164 

-4405.60693359 


-7035.17089844 

-3921.30712891 

-3861.87670898 

-3847.7578125 

-3917.44897461 

-5033.15478516 

-5033.15478516 

-5380.08007812 

-1263.27587891 

-3625.98095703 

-3812.85913086 

2323.10302734 

2323.10302734 

817.508605957 


-7036.95800781 


-5751.97070312 

-1313.82055664 


1646.91381836 

744.671142578 

3539.21484375 

-718.610839844 

1436.2010498 

-1009.22485352 

1772.46142578 

4846.08447266 

465.984985352 

2974.65283203 

2974.65283203 

2769.9440918 

2769.9440918 

3229.16650391 

1508.73486328 

1879.84313965 

2974.80688477 

2870.48046875 

-395.283966064 

6067.47851562 

4565.68408203 

3226.41552734 

3226.41552734 

6067.55712891 

934.167663574 

6287.00195312 

4580.46582031 

5898.44775391 


382.451416016 
 

6615.296875 

2548.21826172 

3300.41625977 

3123.41259766 

2266.16381836 

391.157623291 

4434.20166016 

-1129.89331055 

-1200.41931152 

4375.95507812 

1702.14746094 

1209.47009277 

832.458435059 

3231.64672852 

4449.7109375 

896.112487793 

3948.78369141 


1777.17895508 

2371.34716797 

2415.26293945 

3726.87524414 

-1211.51452637 

1006.22747803 

1649.3260498 

-254.843780518 

-247.770324707 

-1706.62780762 


-2806.99145508 

-3420.6496582 

-3413.55761719 


-4532.66894531 



-6435.69238281 

-6039.07421875 

-4326.34082031 

-6384.36328125 

-4728.52099609 

-4150.63427734 


-3421.92333984 

-3421.92333984 


-4016.00537109 

-5870.15722656 

-2951.74926758 

-2951.74926758 

-1506.73059082 

-3888.1887207 

-3519.84692383 

-747.235351562 

-911.697570801 

-4770.82763672 

697.102661133 

-2826.25708008 

1271.59753418 

-5988.68701172 

3174.71118164 

-2832.10180664 

-215.136352539 

6727.14941406 

1018.39733887 

-129.542831421 

906.327880859 


273.856109619 

3147.69848633 

3147.69848633 

2909.71704102 

-47.3061943054 

826.659973145 

3768.19213867 

1834.63781738 

2918.27709961 


4307.41650391 

3983.62915039 

3499.37792969 

4070.89355469 

5516.97607422 

4380.17333984 

3256.45361328 

1065.89367676 

2965.35205078 

6361.89746094 

4359.96191406 


3199.52832031 

4734.85791016 

4734.85791016 

3997.34448242 

3961.37304688 

2137.68505859 

5869.18652344 



3284.56494141 

2402.31591797 

5597.72314453 

6369.37304688 

4822.12548828 

3840.44628906 

3877.10961914 

3257.65991211 

3807.75048828 

4071.98486328 

2737.91259766 

2757.9777832 

2989.11303711 

2770.80053711 

-789.333984375 

-4866.58007812 


-1806.546875 

182.234512329 

378.671173096 

776.184936523 



-2668.64648438 

-289.895904541 

-1536.3848877 

-3339.7265625 

-3207.98510742 

-4087.66308594 

-3284.84008789 

-2963.91650391 

-3413.49023438 

-5920.48925781 

-2830.85742188 

-2997.51879883 

-3322.99291992 

-5391.69042969 

-4530.67089844 

-669.088806152 

-3689.80566406 

-3551.02563477 

-4292.16113281 

-3766.0222168 

-3213.91455078 

-3879.88818359 

-4054.26123047 

-2620.46044922 

-4204.51708984 


846.250488281 

846.250488281 

-4539.22705078 

-5012.60449219 

-5803.54541016 

-3381.03808594 

-995.357543945 

-3493.7487793 

-3173.83056641 

-413.762145996 

-2896.67749023 

-3781.39819336 

-1.45150482655 

-1.45150482655 

56.9629135132 

56.9629135132 

56.9629135132 

862.533508301 

928.596862793 

-1149.79211426 

-1815.2923584 

-1647.36401367 

-1797.88928223 

2004.6875 

1367.80883789 

2321.109375 

2575.9453125 

2575.9453125 

-669.642456055 

3712.95361328 

2288.11157227 

4201.31884766 

1498.80957031 

3827.24169922 

3827.24169922 

2005.42626953 

2750.9921875 

2280.36499023 

3254.26586914 

5265.91503906 

4786.54980469 

627.008666992 

5192.64697266 

5879.73193359 

2829.15991211 

4226.59375 

3719.29174805 

5676.98242188 

4669.99853516 

3250.82128906 

4104.02050781 

2626.78808594 

4275.98193359 

5349.32861328 

4248.13330078 

2327.78271484 

4931.91943359 

4424.04248047 

5775.40527344 

4316.10986328 

3540.34790039 

3500.51049805 

3218.41918945 

3237.20776367 

2195.69140625 

3084.2644043 

-3854.83349609 

2298.38623047 

-1678.48608398 

1201.50158691 


-1471.44616699 

1495.66113281 

1597.23718262 

1597.23718262 

1597.23718262 

1597.23718262 

-1936.56396484 

706.316467285 

-2494.7175293 

-2094.53442383 

-2170.85546875 

-2170.85546875 

-22.8655052185 

-1392.51184082 

-1964.08459473 

-1964.08459473 

-4201.22314453 

-3844.20385742 

-3841.98828125 

-4626.81201172 

-833.31842041 

-3326.69458008 

-3303.51025391 

-3303.51025391 

-3845.88354492 

-4416.97070312 

-4551.11376953 

-3825.96362305 

-3783.76220703 

-3839.34619141 

-3534.58740234 

-3712.82226562 

-6442.04101562 

568.173339844 

-6333.46972656 

-2483.92260742 

-3584.98266602 

-4696.91845703 

-1704.54406738 

-4064.00537109 

-3942.61328125 


-3225.34545898 

-1904.33361816 

-1022.79736328 

-1128.92211914 

-1703.00158691 

-1109.02526855 

-206.913345337 

-804.403808594 

-3916.5715332 

-2840.20410156 

-3221.7956543 

-1406.46447754 

-1549.97692871 

-1944.18249512 

879.585083008 

-2209.49267578 

1087.19445801 


-569.680908203 

3696.69970703 

2977.28833008 

2379.91992188 

662.442443848 

2647.26708984 

3198.07202148 

2629.05053711 

3686.90600586 

2969.41918945 

1209.59106445 

4942.32617188 

3243.47631836 

3923.30981445 

4148.5078125 

2247.28320312 

3714.79492188 

5870.34277344 

3935.24316406 

3957.48022461 

2557.79833984 

7679.49755859 

6258.00341797 

6258.00341797 

150.270141602 

4293.63427734 

6166.72460938 

3757.69873047 

3809.05444336 

3859.66967773 

3908.64404297 

4103.96582031 

4133.48974609 

4136.99755859 

4125.58447266 

3743.39672852 

3945.08081055 

1530.63244629 

1196.59960938 

3851.28759766 

1690.44030762 

1003.27801514 

333.801239014 

2091.1652832 

2091.1652832 

45.527015686 

-216.434524536 

1817.92651367 

65.0173187256 

-590.895507812 

-7096.79931641 


484.863342285 

-6866.11230469 

-6866.11230469 

-1997.4050293 

-1997.4050293 

-2769.26220703 

-7378.94140625 

-3486.05883789 

-526.411743164 

-522.762878418 

-567.631958008 

-2004.74829102 

-2161.54223633 

-2313.79394531 

-2485.39160156 

-2672.28930664 

-623.298339844 

-634.946655273 

-646.951965332 

-676.447265625 

-669.492736816 

-673.799560547 

-3828.36157227 

-3976.92114258 

-4125.72412109 

-223.734649658 

-3633.25268555 

-3138.80224609 

-6463.13330078 

-3579.81420898 

-6211.08935547 

-6615.32226562 

-5319.20605469 

-4945.36621094 

-6306.50585938 

-4676.04882812 

-6266.76660156 

-1211.64868164 

-6725.62841797 

-3617.70019531 

-2222.29418945 

-847.450683594 

-847.450683594 

-847.450683594 

-657.33807373 

-2450.57958984 

-3082.54394531 

2306.8347168 

2091.62402344 

-4233.34277344 

-553.220092773 

-578.575256348 

551.109863281 

-80.4098815918 

-80.4098815918 

413.438751221 

-925.94152832 

-1675.26062012 

-2220.96948242 

-2220.96948242 

206.08380127 

1184.33190918 


1808.0057373 

1808.0057373 

2733.60620117 


120.675949097 

2119.87060547 

1924.98986816 

7005.04736328 

1132.8572998 

3214.34887695 

3081.87280273 

3724.99853516 

1339.86193848 

3020.42260742 

3221.44995117 

3683.58374023 

5221.20117188 

3724.75195312 

3571.54418945 

3089.90625 

5713.6171875 

3319.82446289 

1599.20373535 

5627.63183594 

2682.74707031 

4378.37646484 

4008.10668945 

721.761657715 

5832.11132812 

5320.41162109 

3461.11206055 

5089.08496094 

1924.23291016 

2547.94628906 

1678.13208008 

3968.4765625 

3740.3972168 

3111.55810547 

4780.09228516 

4780.09228516 

3105.85009766 

3175.64306641 

1472.83642578 

2818.80566406 

5301.44384766 

2342.06933594 

1076.42102051 

4103.66015625 

2484.01977539 

2484.01977539 

147.131149292 

147.131149292 

2644.31616211 

1508.03210449 

-266.34765625 

1747.29589844 

-206.669235229 

-2376.79541016 

-2376.79541016 

171.922607422 

-612.242248535 

-1210.50769043 

-1627.41552734 

2461.09619141 

-1990.62280273 

-9361.93164062 

-827.248962402 

-628.731323242 

-216.948165894 

-216.948165894 

-7456.27685547 

-2794.74536133 

-5003.65722656 

-885.680297852 

-5344.20849609 

-2781.41870117 

-2199.62646484 

-3526.99023438 

-3836.79760742 

-4176.49121094 

-3867.5769043 

-1429.51733398 

-7588.64648438 

-5263.46386719 

-6823.38085938 

-6246.92773438 

-6246.92773438 

-5505.97363281 

-5269.20507812 

-2865.37182617 

-3981.90332031 

-6438.54003906 

-2381.27856445 

-2381.27856445 

-1361.42858887 

-2739.78686523 

-3107.71801758 

-2100.32836914 

-1937.37670898 

-994.62878418 

-994.62878418 

-738.390258789 

-2452.82397461 

-313.57510376 

-179.614501953 

-929.73651123 

-769.617004395 

-807.188537598 

10.9451904297 

10.9451904297 

917.469055176 

473.945343018 

816.321960449 

1464.03369141 

272.342437744 

808.641113281 

5242.33007812 

5242.33007812 

3039.82495117 

937.13873291 

1527.14172363 

3206.62255859 

2472.11157227 

1112.96594238 
 



3156.14257812 

3870.45288086 

2326.43701172 

2698.49755859 

2054.80102539 

4532.18164062 

2079.56689453 

2525.11010742 

5025.39697266 

2120.1652832 

3019.68530273 

3825.62280273 

5216.04052734 

4119.38671875 

2105.59765625 

3012.70996094 

3992.71508789 

2613.06982422 

5352.9765625 

3557.3581543 

3372.54418945 

1994.01831055 

5183.97851562 

2484.34887695 

2484.34887695 

2722.62451172 

1724.73620605 

1890.08288574 

4468.77490234 

4627.08007812 

1277.69677734 

45.3218307495 

-227.309143066 

338.728302002 

2875.35400391 

-517.293945312 

132.276351929 

40.4056282043 

1885.5390625 

-202.033889771 

-1813.25036621 

-1229.01879883 

-1229.01879883 

619.327514648 

619.327514648 

381.503173828 

-1559.26879883 

-1559.26879883 

-936.170837402 

-1440.56481934 

-2016.02148438 

-176.881393433 

-2489.31591797 

-2261.53881836 

-2308.90600586 

-640.422546387 

-640.422546387 

-902.669433594 

-1299.76403809 

-1299.76403809 

-1299.76403809 

-3744.43530273 

-2506.7644043 

-4265.09472656 

-3489.11645508 

-3489.11645508 

-3489.11645508 

-1405.96582031 

-4424.61035156 

-4255.72460938 

-5862.73242188 

-3157.65966797 

-3657.48706055 

-4330.89306641 

-2518.25830078 

-5476.31835938 

-3691.69580078 

-5447.03125 

-5097.11181641 

-5097.11181641 

-5501.79736328 

-5501.79736328 

-1912.1315918 

-2792.17480469 

-2276.22387695 

-5710.44433594 

-3051.16967773 

-3051.16967773 

-2635.60913086 

-2635.60913086 

-6602.53125 

-4280.44433594 

-4280.44433594 

-2906.36035156 

2769.13061523 

-3962.17529297 

1185.45996094 

-3430.30517578 

-569.830383301 

-214.454223633 

-1660.89367676 

-1626.23669434 

636.374023438 

-399.178161621 

-99.7985076904 

603.754577637 

1655.3215332 

-886.711486816 

-1113.75708008 

-1133.83361816 

491.885955811 

-28.0342903137 

-897.357788086 

-897.357788086 

2228.59204102 

1998.6907959 

1497.50170898 

2158.1315918 

2158.1315918 

2158.1315918 

2158.1315918 

2732.28173828 

4200.90283203 

1466.0814209 

3070.83178711 

3255.79785156 

1280.30944824 

2961.90917969 

2999.63598633 

7869.07177734 

4550.82666016 

4550.82666016 

3552.40673828 

3999.47583008 

1497.88024902 

2776.24389648 

-258.259094238 

1299.38574219 

4393.76757812 

5054.52294922 

744.736206055 

2735.00317383 

4045.7487793 

4045.7487793 

4038.92797852 

5822.71191406 

5822.71191406 

4299.74267578 

4299.74267578 

4299.74267578 

5489.12060547 

3965.27197266 

859.404296875 

2563.31958008 

2297.10327148 

2297.10327148 

1212.61547852 

-613.010437012 

-1738.4576416 

6056.04980469 

2413.1809082 

1942.03198242 

674.779052734 

2314.61328125 

1697.0111084 

-2648.18701172 

2566.25878906 

2566.25878906 

-131.64743042 

-131.64743042 

-131.64743042 

2304.3449707 

1292.49133301 

5250.18896484 

961.242004395 

-865.411865234 

-621.783691406 

20.5651893616 

-1617.94018555 

-1617.94018555 

-1653.82043457 

-1628.80102539 

-2978.38183594 

1298.00170898 

1298.00170898 

-1807.7833252 

-1807.7833252 

-2027.52624512 

-1312.94689941 

-2585.4597168 

-831.890625 

-3433.14355469 

-2516.27709961 

-2516.27709961 

-2516.27709961 

-3535.11450195 

-5196.04443359 

-2593.92724609 

-2803.03417969 

-6835.57666016 

-4285.38720703 

-3970.13256836 

-3569.2890625 

-2014.12854004 

-2014.12854004 

-2623.0949707 

-4895.15820312 

-4321.78662109 

-4405.52978516 

-2761.87304688 

-5340.73095703 

-3019.22949219 

-4225.13134766 

-3594.34008789 

-3974.16723633 

-3470.77270508 

-5710.47167969 

-5710.47167969 

-3365.2565918 

-5469.16601562 

-2007.81835938 

-2430.5390625 

-2697.37207031 

-2816.91699219 

-2816.91699219 

-3672.11816406 

-598.960754395 

-2407.13452148 

-236.064559937 

-2259.54418945 

-165.771682739 

-692.95123291 

-692.95123291 

203.859527588 

-548.209106445 

661.567443848 

760.262207031 

-3200.98779297 

370.269927979 

2185.37280273 

1828.9005127 

1051.3704834 

-1081.01086426 

1677.60498047 

1677.60498047 

1677.60498047 

-719.140991211 

2465.93774414 

2465.93774414 

2172.7722168 

2671.21777344 

1112.58422852 

1299.20080566 

2457.35449219 
 

2336.11816406 

3033.94189453 

975.774169922 

3009.41723633 

5003.29980469 

2579.39868164 

4925.10058594 
 

4375.0703125 

346.683441162 

2359.78344727 

3522.40185547 

3121.44946289 

3470.34521484 

7343.65966797 

7689.38378906 

4574.21044922 

2784.51660156 

4719.63476562 

562.803222656 

562.803222656 

2335.72680664 

4284.10546875 

1718.22424316 

3592.32446289 

3592.32446289 

4464.62353516 

7712.60644531 

-2248.80126953 

4300.51367188 

3628.80932617 

4495.48291016 

4236.56103516 

3476.10961914 

4060.89233398 

2218.98022461 

1906.89990234 

1139.67382812 

1139.67382812 

7023.58154297 

282.497375488 

4834.30322266 

72.9226837158 

733.807434082 

-203.730621338 

85.5486602783 

5309.30078125 

414.087097168 

-692.665283203 

-907.772644043 

1306.01049805 

1617.95507812 

1490.3927002 

-1135.30273438 

-1456.42175293 

-1456.42175293 

1247.6270752 

1165.56091309 

960.113891602 

663.728759766 

16.3631286621 

-486.494506836 

-1245.79772949 

-2331.81445312 

-3018.23828125 

-3456.67260742 

-4573.62060547 

-3560.71362305 

-2152.21020508 

-3294.66333008 

-1498.22644043 

-3898.77758789 

-2949.88110352 

-4471.29345703 

-4091.61621094 

-3672.72900391 

-3206.30444336 

-3164.10400391 

-3769.890625 

-3110.39916992 

-1795.51025391 

-6369.09716797 

-3206.86035156 

-2766.40844727 

-2766.40844727 

-3111.05249023 

-2728.51464844 

-4444.30761719 

-5714.94433594 

-5714.94433594 

-4178.12988281 
 

-1023.96844482 

-2669.28344727 

-6827.88085938 

-5624.2578125 

-888.97833252 

-3431.89575195 

-3841.19238281 

-3344.10229492 

-4216.51074219 

-376.769622803 

-376.769622803 

-383.477294922 

-528.882141113 

157.974258423 

323.487854004 

663.110290527 

1180.00134277 

1055.78662109 

1055.78662109 

-1100.89624023 

-516.959960938 

1743.54577637 

-976.030822754 

1415.17541504 

1587.44946289 

1821.61938477 

-727.394348145 

-727.394348145 

941.624023438 

415.851745605 

3740.2800293 

2840.40478516 

3074.78613281 

3074.78613281 

3075.21459961 

275.887145996 

5379.02490234 

895.479858398 

895.479858398 

3862.55200195 

3130.59082031 

4478.14941406 

4591.95019531 

6100.71972656 

6100.71972656 

1252.26513672 

3700.76806641 

2980.08007812 

4576.11279297 

2513.91967773 

4638.48535156 

2291.71923828 

2924.03198242 

4163.87011719 

7563.97558594 

6957.98486328 

5840.27832031 

4471.81298828 

641.952941895 

1672.0369873 

1905.12585449 

-2240.49853516 

-2240.49853516 

4442.07324219 

3733.81323242 

4833.89648438 

3649.81860352 

-1001.41638184 

6701.42822266 

4514.26513672 

2221.95605469 

2928.24926758 

2037.42407227 

2961.52685547 

2422.25219727 

1315.65075684 

2373.56225586 

1564.29223633 

1577.14697266 

-1319.93347168 

-1066.22167969 

-840.700744629 

1045.41052246 

-1592.6875 

950.265441895 

-1919.69421387 

-1919.69421387 

786.375976562 

-2957.48291016 

-606.904663086 

-2377.44238281 

-481.887695312 

26.5591030121 

26.5591030121 

-1293.00598145 

-2052.58178711 

-667.930358887 

-4251.765625 

-4593.86962891 

-2621.40356445 

-2087.4050293 

-2989.83520508 

-4162.73144531 

-3236.0612793 

-4654.55078125 

-3203.96948242 

-6570.70898438 

-6511.49804688 

-3605.79785156 

-7278.66552734 

-5368.49609375 

-1057.36108398 

-2886.14526367 

-2553.18408203 

-5229.48876953 

-5229.48876953 

-6986.51464844 

-6600.02099609 

-3507.04882812 

-79.9524459839 

514.77130127 

-4461.35888672 

-871.848205566 

-2885.08935547 

-2323.29516602 

-2323.29516602 

-2866.76196289 

-2866.76196289 

-5228.10205078 

1616.3951416 

-886.888549805 

-1749.55895996 

-4572.97705078 

-109.193107605 

-109.193107605 

-3012.64819336 

-878.037414551 

-2976.12133789 

-2711.94848633 

-2140.9753418 

-788.676635742 

-4423.70019531 

-525.020385742 

76.1188964844 

-1272.32763672 

-3566.50317383 

-242.54927063 

-242.54927063 

-242.54927063 

1035.69775391 

802.140808105 

424.313995361 

-3051.58862305 

-3051.58862305 

-3051.58862305 

1535.64575195 

1798.24890137 

525.161621094 

2109.75610352 

2607.21899414 

2296.06518555 

2912.85205078 

2464.45751953 

3578.73339844 

2673.0793457 

3195.5 

-602.314208984 

-602.314208984 

-12.9998693466 

2558.73120117 

5094.45361328 

3691.12255859 

6.50185060501 

2817.54516602 

2225.67822266 

2413.47412109 

5247.43701172 

5247.43701172 

1307.58972168 

18.996427536 

3563.47558594 

581.259887695 

581.259887695 

846.347412109 

4170.21533203 

3800.13574219 

5110.56591797 

1135.4317627 

2686.07983398 

3689.26220703 

5916.84179688 

4175.67919922 

3476.06225586 

5048.44775391 

-512.142822266 

2618.48828125 

7011.16064453 

7011.16064453 

2633.65014648 

2611.89501953 

3286.37475586 

3556.62280273 

4567.13134766 

4567.13134766 

2272.29003906 

3301.10839844 

2520.70410156 

4098.24707031 

1237.31555176 

4516.375 

3844.91625977 

3844.91625977 

74.7480545044 

1211.01745605 

-323.961700439 

-323.961700439 

-323.961700439 

-323.961700439 


3083.59106445 

3083.59106445 

1679.65283203 

-2044.53991699 

-1568.42614746 

2493.3449707 

2493.3449707 

24.2833576202 

-2092.17211914 

1992.90930176 

-1118.26831055 

320.719421387 

-3861.03295898 

-1851.29858398 

-1192.56164551 

-2116.09863281 

-2000.21105957 

-2507.1171875 

-2146.70776367 

-3485.5637207 

-2703.859375 

-5647.44873047 

-4455.47753906 

-4455.47753906 

-3888.32617188 

-3888.32617188 

-3459.35229492 

-2748.30004883 

-3461.47119141 

-3461.47119141 

-4179.86083984 

-2960.88525391 

-1984.03515625 

-935.418273926 

-935.418273926 

-84.0374298096 

-3849.39257812 

-5653.83984375 

-5653.83984375 

-3987.88085938 

-5204.29003906 

-188.050170898 

-5598.05175781 

-2636.37573242 

-3467.06787109 

-105.306388855 

-2560.44970703 

-2934.83618164 

-3639.89990234 

-1677.28930664 

-1677.28930664 

-3916.34448242 

-3430.0546875 

-3430.0546875 

-4270.90673828 

-2262.22265625 

-2112.9128418 

-2112.9128418 

-3374.28320312 

-8924.72265625 

-1596.36804199 

-1113.7064209 

-6198.80322266 

-847.823791504 

-506.916015625 

-4773.13232422 

-2009.85900879 

-112.118164062 

-41.7006988525 

118.119895935 

-19.1133384705 

-4574.58935547 

-211.393066406 

2207.4753418 

2448.53417969 

-1833.51147461 

-1833.51147461 

-471.917999268 

-3135.26171875 

-1663.85009766 

2075.88256836 

-1085.51953125 

1928.9107666 

1928.9107666 

1928.9107666 

121.09979248 

121.09979248 

2225.01538086 

2620.97167969 

2792.85742188 

1153.11535645 

3422.64697266 

3277.55639648 

2969.08837891 

4273.24072266 

1761.2310791 

3585.43725586 

4375.79003906 

3220.80810547 

2393.19360352 

2393.19360352 

2534.69360352 

3995.59375 

3735.27490234 

4026.93505859 

3360.27075195 

263.317810059 

5874.96630859 

4452.27734375 

4452.27734375 

3229.86816406 

5356.43847656 

4858.22363281 

1283.29541016 

4491.1953125 

5204.65478516 

4618.02392578 

-738.710876465 

8408.75195312 

8408.75195312 

3292.11938477 

3064.87158203 

3573.88208008 

4965.71533203 

3205.78735352 

4095.44213867 

3647.43847656 

2426.26855469 

3800.85742188 

1470.3717041 

4524.65136719 



2743.12890625 

2385.35351562 

2117.99389648 

2079.06054688 

4731.41308594 

4731.41308594 

1913.75817871 

1349.80944824 

1426.63537598 

2011.49328613 

2011.49328613 

1055.36730957 

573.938171387 

4663.67626953 

2886.38012695 

1043.14477539 

309.261627197 

1660.09387207 

3271.18554688 

2533.40673828 

2283.64477539 

-382.750732422 

-495.070037842 

-702.19152832 

753.866638184 

-1200.15698242 

-704.982910156 

-1849.61706543 

-1444.8572998 

-1975.47546387 

445.324584961 

-1666.29956055 

-1666.29956055 

-3025.19580078 

3014.89501953 

-2722.21142578 

-349.945129395 

-2746.36181641 

-2557.32568359 

-3292.59765625 

2504.79614258 

-2822.76171875 

-2505.05053711 

-252.134017944 


-4631.671875 

-3479.46923828 

505.859069824 

505.859069824 

-3126.64477539 

-3653.67260742 

1027.22253418 

-4045.0715332 

-2371.49487305 

-5666.47119141 

-4627.00048828 

-4059.21875 

-1363.65856934 

-5286.65332031 

-2252.52099609 

-271.722564697 

-4261.53173828 

-3198.63330078 

-2437.09326172 

-3040.04199219 

-3631.15087891 

-3390.06860352 

-2836.11303711 

-3275.82104492 

-3935.20629883 

-2899.80444336 

1418.3157959 

-2456.01782227 

-4351.16894531 

-2504.74536133 

-2147.04907227 

-7071.30615234 

-7071.30615234 

-1812.71704102 

-1812.71704102 

-1534.44787598 

-1504.28735352 

-1504.28735352 

-877.665527344 

-191.974258423 

-626.964111328 

-688.074645996 

-2661.29174805 

-2.23839783669 

-2383.92236328 

-2383.92236328 


1610.35742188 

1162.12402344 

964.02532959 

-6424.64160156 

-6424.64160156 

998.478515625 

1248.30834961 

3335.40600586 

3335.40600586 

2328.17553711 

824.788330078 

2849.94824219 

4083.53662109 

2286.43701172 

4745.41992188 

2783.18701172 

3075.44897461 

1547.12597656 

3385.91357422 

3611.06713867 

-874.468933105 

3064.71386719 

3959.9309082 

3690.27099609 

637.364929199 

3391.32763672 

6875.765625 

-648.808410645 

-648.808410645 

7095.44433594 

2486.62939453 

4078.55810547 

3002.40576172 

7421.30859375 

5363.75341797 

4141.87255859 

4646.06884766 

3723.6394043 

3293.98022461 

4156.04785156 

8810.75 

4175.63134766 

4276.79150391 

4276.79150391 

3279.22680664 

3107.08666992 

3107.08666992 

3246.77319336 

498.379577637 

4248.96679688 

1574.39355469 

1574.39355469 

4916.9453125 

3618.41381836 

1167.35705566 

703.99621582 

2430.53051758 

1924.27038574 

-6.12532997131 

-464.956176758 

5056.97216797 

6907.59960938 

1471.00415039 

-189.30645752 

-383.279754639 

60.6286964417 

-20.6778278351 

-43.4871025085 

-638.510742188 

-641.076599121 

-641.076599121 

-1053.19812012 

-1384.34533691 

-1440.31811523 

-1790.19250488 

-1828.33728027 

5734.22998047 

-1960.74243164 

3210.62988281 

3210.62988281 

3210.62988281 

-3095.37841797 

-5286.75292969 

-3111.86669922 

-2465.87011719 

-2465.87011719 

-3204.55639648 

-3204.55639648 

-6431.25878906 

-3956.80859375 

-5086.73388672 

-3921.00927734 

-4336.17480469 

-4574.51708984 

-4144.88476562 

-2676.13452148 

-2676.13452148 

-3837.44506836 

-3818.60742188 

-3324.46044922 

-3369.11938477 

-6898.84521484 

-6782.35253906 

-4966.65283203 

-4966.65283203 

-2550.35913086 

-4643.82666016 

-4804.36474609 

-3234.60327148 

-4746.54003906 

-31.5937480927 

-31.5937480927 

-2131.10058594 

-2484.52001953 

-5468.94433594 

-6632.18115234 

-6632.18115234 

-3594.36376953 

-5794.40283203 

-4071.19433594 

-1388.79980469 

-1659.35498047 

-1215.08557129 

-2345.50463867 

-1011.35058594 

-3759.85302734 

-54.2996025085 

-4843.33349609 

-621.931762695 

151.712905884 

-7122.73095703 

-2967.73388672 

117.788208008 

117.788208008 

790.046264648 

-3088.05541992 

-2754.0949707 

745.177429199 

1550.42089844 

2047.57226562 

2162.55883789 

1917.79760742 

1563.2689209 

-6874.45263672 

2722.77099609 

1767.6171875 

2098.04321289 

3563.46948242 

2752.65844727 

3257.02929688 

2944.72485352 

1747.84667969 

3165.62744141 

3237.87597656 

1273.78869629 

3302.18237305 

4266.59570312 

4266.59570312 

4229.58935547 

4205.40380859 

4205.40380859 

-2310.09985352 

3842.79394531 

4638.96337891 

4137.29882812 

-518.152587891 

5904.60009766 

3714.45117188 

3707.1640625 

4594.96240234 

2917.35839844 

5902.03369141 

4738.87695312 

2998.80273438 

-515.721313477 

2790.91870117 

6377.8125 

1986.85681152 

2756.93725586 

5030.14794922 

2116.49560547 

110.542205811 

2042.11560059 

2252.54272461 

2065.15722656 

1544.31347656 

959.038879395 

2298.53808594 

329.289489746 

5.47524499893 

2370.84423828 

1439.99230957 

-830.938903809 

504.123687744 

-126.844184875 

866.544189453 

1879.75683594 

239.786102295 

-470.093017578 

-1356.07458496 

-1754.66162109 

-1967.90063477 

-826.523010254 

987.360534668 

-1983.63317871 

-1947.49145508 

-2576.47021484 

-3693.17285156 

-2682.75537109 

-1695.96020508 

-1695.96020508 

6107.73291016 

-4142.68359375 

-2649.43505859 

-3978.49462891 

879.658081055 

-2639.40869141 

121.025428772 

-4468.5859375 

-3904.18237305 

-3957.79931641 

-3538.71557617 

-348.977935791 

-5421.26123047 

-2369.67089844 

-2822.0078125 

-4848.58740234 

-5029.29443359 

-4025.79882812 

-3441.51782227 

-2054.31323242 

-2690.34887695 

-2690.34887695 

-4213.52783203 

-2001.15246582 

-2992.53125 

-3886.30102539 

-3100.70678711 

523.634155273 

-2137.07958984 

-1262.01147461 

-1262.01147461 

-1262.01147461 

-3821.19384766 

-1650.11950684 

-1320.23925781 

-193.811264038 

-193.811264038 

-567.916320801 

-1874.96862793 

-821.946533203 

-2409.76391602 

-1036.18115234 

-4823.02441406 

-331.213775635 

-3235.07861328 

354.910949707 

-981.718994141 

-61.8068161011 

-2341.38452148 

-2341.38452148 

1203.11584473 

1287.80603027 

1477.51989746 

850.366210938 

2504.9050293 

581.04119873 

581.04119873 

675.284545898 

4060.97509766 

-4131.34179688 

2531.41064453 

2333.75537109 

2185.32592773 

-4161.11816406 

4498.92626953 

3484.71582031 

2686.234375 

4437.44335938 

-689.397644043 

2475.76757812 

2475.76757812 

3992.1418457 

3888.07080078 

6057.92773438 

6057.92773438 

4949.23095703 

5280.90917969 

5256.19384766 

2520.61474609 

3230.90625 

6989.04296875 

2123.72338867 

2123.72338867 

5248.50097656 

5248.50097656 

2765.42529297 

2765.42529297 

2746.92602539 

1893.6817627 

4447.53759766 

6420.00634766 

6420.00634766 

5186.13867188 

783.27520752 

656.651367188 

1115.62255859 

1115.62255859 

-135.660644531 

-543.336425781 

729.716247559 

2117.26977539 

1788.52160645 

995.549072266 

995.549072266 

-1983.36132812 

-2207.46118164 

-548.763244629 


-2554.50756836 

-3003.375 

3935.77416992 

-3959.16992188 

6649.91650391 

-2860.50244141 

2987.52783203 

-3922.00488281 

-3291.33105469 

-3291.33105469 

-2830.02832031 

-3412.66040039 

-3605.87792969 

1370.87036133 

-6614.484375 

-3333.01928711 

-4689.25195312 

-2791.60864258 

-2674.6550293 

-3732.45019531 

1393.72692871 

-3522.93408203 

-2145.86694336 

2684.11962891 

2205.76806641 

-2464.98876953 

-4893.89453125 

-4877.60302734 

-5181.88330078 

1033.30480957 

-4494.23974609 

-2722.72216797 

-1298.36010742 

-2826.63208008 

-2529.14453125 

-2369.97143555 

-4322.22998047 

-2457.04956055 

-2769.8515625 

-1600.89111328 

-966.11138916 

-1307.09960938 

-1307.09960938 

-4255.98876953 

-4255.98876953 

-239.533782959 

-280.337677002 

-2646.5703125 

-3511.98339844 

-2124.38549805 

515.872375488 

-660.425598145 

1018.13598633 

-1335.13793945 

-3262.90625 

-2460.37182617 

-6.67061185837 

822.460021973 

-3147.87109375 

-610.581787109 

-610.581787109 

-541.437011719 

1726.76074219 

2066.30371094 

-284.89440918 

-284.89440918 

-4657.90527344 

784.123046875 

784.123046875 

784.123046875 

1554.27001953 

343.389129639 

1266.46447754 

4980.51171875 

4526.20703125 

4668.35253906 

-2150.08300781 

-2150.08300781 

3083.51025391 

3062.51220703 

2733.83203125 

3761.35522461 

3442.34301758 

2119.64404297 

5250.04638672 

3692.14819336 

-1133.65100098 

6694.0703125 

3479.95117188 

7127.19140625 

5626.08447266 

3027.72338867 

1807.1138916 

3600.57836914 

2648.62817383 

3023.46289062 

3204.49267578 

8004.81738281 

2505.82519531 

-441.207183838 

-441.207183838 

-441.207183838 

2664.48071289 

1607.80297852 

-307.429290771 

2813.57446289 

2415.86767578 

4467.27294922 

5359.99169922 

834.594177246 

3367.71630859 

1029.13635254 

2154.31176758 

3432.64624023 

3432.64624023 

353.532470703 

1646.50683594 

1162.31213379 

43.9340591431 

2280.51928711 

1951.02087402 

1460.03173828 

2230.81542969 

-1092.84753418 

-1433.88012695 

-1271.60559082 

-174.831954956 

292.629058838 

292.629058838 

-2126.78417969 

108.595565796 

-2345.72314453 

1229.55529785 

4244.84472656 

-4157.90673828 

-4157.90673828 

-2853.62158203 

-4660.22167969 

-4992.59326172 

7096.57324219 

7096.57324219 

-3716.29638672 

-3183.23730469 

-2272.23413086 

-1123.05786133 

-3451.04248047 

-4120.96923828 

-4305.30517578 

-4484.27783203 

2740.1340332 

-3418.93505859 

-2307.42651367 

-2289.25170898 

-2171.1730957 

-1020.21020508 

-2706.29492188 

-2263.70678711 

-2263.70678711 

-3932.72900391 

-3932.72900391 

-3371.03930664 

-2852.93945312 

-3136.52099609 

-6608.51660156 

-2607.25463867 

-2607.25463867 

-2607.25463867 

-3221.14477539 

-3221.14477539 

-1981.33520508 

-1981.33520508 

-4063.36865234 

-3635.06787109 

-1552.48486328 

-1552.48486328 

-5448.02636719 

-4448.91015625 

846.112792969 

653.81048584 

-4416.23095703 

-2212.00195312 

-2212.00195312 

-2212.00195312 

-401.572723389 

-6244.40576172 

737.259643555 

-177.736358643 

-3660.41870117 

1174.69812012 

1174.69812012 

1530.34216309 

-995.225341797 

-4224.05517578 

-4224.05517578 

2404.71069336 

-6781.68701172 

1400.66308594 


538.94909668 

2450.70507812 

1259.90100098 

-3084.29125977 

6052.31542969 

3186.24804688 

3186.24804688 

3227.20654297 

4430.12548828 

4430.12548828 

5915.50585938 

3512.80102539 

3419.67504883 

3419.67504883 

3419.67504883 

3776.15136719 

3776.15136719 

3776.15136719 

-2146.34423828 

5890.60644531 

5156.87011719 

5980.65966797 

5980.65966797 

6588.09960938 

4985.046875 

-1662.53320312 

1081.44030762 

5905.47509766 

1567.19799805 

4556.66503906 

5316.72265625 

4886.29833984 

2780.46606445 

3743.86157227 

51.5255622864 

958.542724609 

187.250793457 

2476.27709961 

1518.11315918 

1924.46899414 

2659.2956543 

2561.65625 

-898.153869629 

1778.6550293 

2072.89794922 

-1367.46887207 

7516.54882812 

-2391.85253906 

324.353912354 

838.364013672 

-2136.21875 

-2507.84594727 

-2868.38525391 

74.4500579834 

-49.4812202454 

-3567.83789062 

-2203.19555664 

-3068.8984375 

-1695.93786621 

-1432.89428711 

-2558.6315918 

-3720.58349609 

-2402.80932617 

-3449.90112305 

-2102.58666992 

-1673.81311035 

-1860.28137207 

-2859.11962891 

4198.11669922 

-2348.79956055 

3229.87011719 

-2533.12768555 

-2507.08959961 

-2508.95605469 

-2508.95605469 

2398.59350586 

-2905.40161133 

-3443.41333008 

-6317.37402344 

-3089.95556641 

97.1420669556 

97.1420669556 

-3296.09985352 

-3914.44433594 

-1829.37536621 

-2072.39575195 

-1321.35974121 

-3848.47705078 

-3848.47705078 

-3848.47705078 

-455.321929932 

-4226.23779297 

-3564.74951172 

-2920.69995117 

-3872.98706055 

12.9886379242 

-2840.703125 


-1564.7434082 

-2205.57250977 

-858.74798584 

-3884.07470703 

-2101.0090332 

-4130.74755859 

-251.432342529 

2153.8190918 

28.9124717712 

-516.270568848 

-252.003616333 

-521.204711914 

2424.29394531 

588.543823242 

2914.36938477 

2914.36938477 

2914.36938477 

-4338.19482422 

5085.54003906 

3887.13745117 

4318.63818359 

3830.00610352 

-5437.58642578 

2288.3190918 

2288.3190918 

3482.88085938 

3482.88085938 


3563.39404297 

-4977.83056641 

3738.65209961 

-3088.88452148 

5882.15185547 

5851.73681641 

3849.29467773 

3849.29467773 

2984.06494141 
 

-1396.8873291 

6430.68554688 

2498.01000977 

3757.42626953 

5866.265625 

5866.265625 

1583.0637207 

4028.68774414 

4174.44921875 




1031.74084473 

1031.74084473 

1031.74084473 

3027.06445312 

2902.46923828 

2902.46923828 


-398.104766846 

3023.66845703 

2001.3125 

1365.39562988 

1617.08764648 

-1231.68737793 

1864.16442871 

-1591.2923584 

-606.573852539 

627.217163086 

-1965.46069336 

447.962524414 



33.3652534485 

-2252.61376953 

-577.575134277 

1006.84399414 

1006.84399414 

1513.58325195 

4454.07910156 

-3649.24633789 

-1673.05419922 

-3237.84570312 

-3584.42944336 

-2419.27270508 

-2419.27270508 

-4621.80615234 

-4648.98779297 

-3033.78173828 
 

-5927.35400391 

-4801.76074219 

3748.79956055 

-4317.14208984 

-6364.35498047 

3015.66967773 

3190.02514648 

2909.91479492 

-2518.16064453 

-2486.58129883 

-2111.96533203 

2085.50073242 

-3801.0546875 

-1310.55029297 

-7095.06689453 

-3898.23046875 

-1273.55444336 

290.792022705 

-2455.52172852 

-2211.27539062 

-21.1641578674 

-21.1641578674 

-197.672729492 

-2549.34033203 

-6939.95263672 

-2082.71362305 


-5123.75 

-5123.75 

-3124.6706543 

1043.6126709 

-911.388977051 

-543.33795166 

-561.639831543 

-322.666809082 

-957.020080566 

-829.934143066 

-669.106750488 

2265.97973633 

2265.97973633 

-8105.10742188 

1731.98571777 

2178.17041016 



2836.00976562 

-112.029319763 

1292.5078125 

-4696.31005859 

5336.54785156 

-5164.48095703 

-6058.29833984 

3717.34399414 

-1494.40808105 

-1494.40808105 

3955.53393555 

15.9563674927 

4462.75878906 

4462.75878906 

4209.44873047 

4209.44873047 

3784.95458984 

5705.56542969 


-678.815917969 

3681.30395508 

3681.30395508 

3681.30395508 

1290.63427734 

-853.470397949 

-853.470397949 

2489.41210938 

-1251.69824219 

-1251.69824219 

3754.48828125 

1727.31103516 

7096.70898438 

-686.860839844 

-2401.41430664 

-2455.82543945 

-1684.05187988 

-52.5865936279 

2035.4473877 

-593.654602051 

-3042.92578125 

1275.20336914 

-3271.80615234 

7613.97949219 

327.930450439 


-74.4055557251 

-74.4055557251 

106.678031921 

-6477.96533203 

-1072.43457031 

-2824.16796875 

-5540.51611328 
 

-1365.60900879 

-4033.20922852 

-6657.89697266 

-3497.19238281 

-4581.04492188 

1321.375 

-5640.21582031 

-4555.40185547 

-4555.40185547 

-902.808410645 
 

-2934.08959961 

-2934.08959961 


180.560653687 

180.560653687 

-3493.39672852 

-3894.95385742 


-5575.16796875 
 

-2556.21850586 

-2185.70825195 

-2131.83837891 

-1970.21008301 

-5073.16162109 

-5073.16162109 

-2209.47485352 

-2209.47485352 

-2979.30224609 

-2979.30224609 

-970.171203613 

-673.269958496 

-598.594665527 

-598.594665527 

-7626.49072266 

644.746032715 

806.051391602 

1077.34204102 

1652.33044434 

1521.9810791 


2007.79785156 

4426.54052734 

3444.25708008 

3444.25708008 

5440.48486328 

5440.48486328 

3214.86474609 

-1855.75036621 


6061.25048828 


8050.43408203 

8050.43408203 

3986.96362305 

7564.47167969 


7592.96679688 


7576.97949219 

5684.13916016 

594.60144043 


3686.63427734 

3686.63427734 


4738.26025391 

4738.26025391 

-2831.0168457 

-1173.7253418 

1190.57714844 

594.485656738 

594.485656738 

313.928955078 

142.409759521 

4624.02587891 

-2001.57983398 

-816.438842773 

-1252.68530273 

-1675.02563477 

-1921.52770996 

-2184.70874023 

-2206.07983398 

-2206.07983398 

-2770.65820312 

-3101.16503906 

-3101.16503906 

-3066.87890625 

-3388.2434082 

-3495.69775391 

-3637.27416992 

-4340.37548828 

-4124.42626953 

-4162.19238281 

-4897.03808594 

-4204.59228516 

-4471.09130859 

-4017.46240234 


-2284.83398438 


3102.26049805 


-4209.96191406 

-5355.54052734 

-6639.55908203 

-5652.24316406 

-2133.23046875 

-4903.62695312 

-2701.12475586 

-3148.58105469 

-1026.98034668 

654.468811035 

-26.9439983368 

258.359008789 


534.01373291 


1169.85717773 

-5860.31787109 


3118.79541016 

-5260.04101562 

-5260.04101562 

1254.53979492 

1254.53979492 

5235.86376953 

4790.81835938 

3379.3034668 

3607.26611328 

4207.34472656 

1299.73010254 

1299.73010254 

381.513305664 

1549.98974609 

86.6360702515 

5276.94482422 


5531.57275391 

7135.65869141 

7135.65869141 

7135.65869141 

5254.52734375 

3475.07446289 

2251.13891602 

2251.13891602 

2895.05004883 

3269.15063477 

4177.31738281 

405.442962646 

1996.62780762 

-1350.36694336 

-1350.36694336 

246.979064941 

878.974853516 

914.178894043 

544.045715332 

236.920959473 

236.920959473 

783.676452637 

-48.1378707886 

-213.027023315 

674.185180664 

2213.42016602 

2213.42016602 

2213.42016602 

-1392.57666016 

-1463.42980957 

-1742.66308594 

-1937.70751953 

-2683.40112305 

-2945.81713867 

-3162.79541016 

-3094.79418945 

-2830.96606445 

-3057.72436523 

-3057.72436523 

-3057.72436523 

-291.248046875 

-6912.16503906 

-169.642410278 



-1675.70483398 

-3087.88208008 

-4682.44140625 

-4438.15869141 

-4093.50952148 

-245.565109253 

-3930.22290039 

-3930.22290039 

-884.095397949 

-884.095397949 

-4756.63427734 

-5280.80224609 

-6344.55322266 


-3590.57080078 

-4158.69726562 

2.27260780334 

1486.19104004 

-3704.02709961 

-1536.85412598 

-1583.91430664 

-790.745544434 

-1021.87365723 

-603.872070312 

-914.704772949 

-338.633544922 

-917.56652832 

197.51399231 

-2068.89941406 

-1813.78381348 

-472.120147705 

2389.70947266 

2892.3034668 

3426.27563477 

3255.71337891 

3255.71337891 

4981.11230469 

4981.11230469 

3806.47412109 

345.666412354 

3873.5925293 

413.059753418 

3937.53271484 

476.30355835 

508.761901855 

542.769775391 

1328.14135742 

1178.80737305 

3219.72192383 

4448.47558594 

4718.83789062 

4135.21777344 

5322.73144531 

2990.21777344 

2964.29101562 

3506.61181641 

3574.77416992 

3574.77416992 

5916.98095703 

237.235946655 

237.235946655 

1886.20959473 

-37.8511924744 

4368.49755859 

5146.70654297 

2778.67504883 


2850.09814453 

-266.00958252 

-151.466400146 

2122.03295898 

2009.44226074 

3263.25830078 

1528.3371582 

2969.28491211 

1450.09228516 

-1906.72961426 

193.520889282 

-2006.5513916 

2037.86462402 

2364.11889648 

-2729.65258789 

-141.953765869 

-3049.79931641 

-362.114227295 

-1072.3137207 

-3717.36523438 

-3627.52563477 

-3632.07397461 

-3303.89013672 

-5981.04345703 

-5981.04345703 

-3354.45654297 

-1668.6451416 

-4109.71875 

-5039.64306641 

-5039.64306641 

-4167.21240234 

-4483.85253906 

-4081.07958984 

-3499.33569336 

-4586.54199219 

-5247.83789062 

-951.618652344 

-3476.16259766 

-4608.49804688 

-3502.27246094 

-3683.66479492 

-2818.79199219 

-2818.79199219 

-2818.79199219 

-3756.43505859 

-2681.08081055 

1568.32397461 

-4139.86425781 

-913.518371582 

-3935.65625 

-1635.27294922 

-2777.18359375 

-3615.38867188 

-2254.54638672 

478.126098633 

877.356079102 

-2367.91918945 

310.070007324 

633.51763916 

-644.556640625 

-1207.82226562 

2230.04296875 

2230.04296875 

2230.04296875 

-523.455383301 

1128.58374023 

-248.055389404 

421.248962402 

421.248962402 

673.174804688 

539.904052734 

1096.77612305 

1262.98620605 

66.4708328247 

3797.29443359 

453.02722168 

5362.76806641 

4517.69091797 

310.331390381 

5207.05957031 

3797.77441406 

7992.99658203 

75.1372146606 

7668.22558594 

5807.57519531 

356.898529053 

3161.4387207 

2758.01806641 

208.587493896 

143.324920654 

5048.9609375 

3785.48535156 

3500.37988281 

2563.61669922 

3462.77832031 

361.573669434 

713.594543457 

2811.13720703 

1176.05444336 

2269.26855469 

1941.3494873 

1866.96447754 

1822.65551758 

-997.510131836 

107.33290863 

1583.14233398 

873.461730957 

23.476896286 

23.476896286 

1105.5880127 

1791.08227539 

-23.2663269043 

-239.851364136 

-239.851364136 

-239.851364136 

-1312.22631836 

-1312.22631836 

-1377.91882324 

-6446.23779297 

-3059.87817383 

-716.938110352 

-3215.49389648 

-4142.67333984 

-5269.04345703 

-4136.50097656 

-3487.6328125 

-4467.6328125 

-4335.36474609 

-4335.36474609 

-6961.34082031 

-5870.69140625 

-5960.38720703 

-5288.10888672 

-4761.421875 

-3496.01293945 

-3858.46655273 

-3582.42456055 

-3704.69970703 

-3499.43334961 

-3703.97631836 

-3709.6574707 

-3773.19360352 

-3733.79443359 

-3699.7722168 

-3342.1652832 

-3754.83007812 

-3452.83251953 

-3345.72851562 

-3007.50927734 

-2140.67944336 

-1060.60827637 

-838.434082031 

-4033.30761719 

-2886.17236328 

-3254.57495117 

-696.589233398 

-2695.69213867 

-2561.34960938 

-1894.66259766 

-644.901184082 

321.893859863 

-2198.72167969 

-1240.34155273 

336.164245605 

1141.95532227 

253.856735229 

-144.13571167 

5297.96337891 

15.5291490555 

674.834228516 

3172.25927734 

4210.58056641 

110.097633362 

4207.99511719 

406.872283936 

107.228775024 
 

3247.66772461 

1304.48779297 

1168.35595703 

4365.37304688 

1110.6875 

5412.97167969 

2738.82202148 

2738.82202148 

2878.78198242 

2878.78198242 

3325.12231445 

831.230102539 

1619.30249023 

4374.78466797 

6060.02832031 

3284.5546875 

1.32810736132e-25 

2881.96728516 

2881.96728516 

3883.54663086 

3712.91772461 

2770.44482422 

2132.34082031 

2556.078125 

2992.33984375 

981.299743652 

5874.64013672 

1095.45153809 

278.777923584 

2846.0012207 

-112.220939636 

-275.07522583 

1887.59350586 

1543.87207031 

1762.70422363 

1749.22802734 

1633.77502441 

1551.69458008 

776.253540039 

776.253540039 

556.760375977 

853.624023438 

917.94720459 

477.148162842 

325.61529541 

-807.789489746 

382.999298096 

382.999298096 

-1222.39758301 

-774.895446777 

-144.681716919 

-923.561340332 

-596.691894531 

-1219.50048828 

-528.099914551 

-1932.98608398 

-1213.45837402 

-1598.4230957 

-863.687744141 

-1592.11901855 

-1805.19848633 

-912.367492676 

804.59942627 

-2363.69628906 

-4013.1027832 

-2457.8972168 

-1.15291250454e-35 

-4171.79003906 

-2197.0078125 

-3096.35839844 

-2962.68798828 

-2394.37036133 

-2394.37036133 
 
 
 

-5930.07373047 

-4513.81884766 

-4611.41699219 

-2344.08105469 

-2344.08105469 

-4811.05664062 

-4811.05664062 

-4811.05664062 

-4811.05664062 

-4811.05664062 

-4811.05664062 

-4811.05664062 

-4811.05664062 

-4811.05664062 

-1525.98742676 

-1525.98742676 

-1525.98742676 

-1525.98742676 

-1525.98742676 

-1525.98742676 

-1525.98742676 

-1525.98742676 

-1525.98742676 

-1463.33947754 

-1160.76794434 

1139.3581543 

-380.088165283 

120.526390076 

120.526390076 

-796.825622559 

-363.403320312 
 

408.331481934 

1989.26257324 

1989.26257324 

916.395996094 

42.2624549866 

3071.57568359 

1316.0057373 

2216.45922852 

2159.32543945 

2453.05102539 

1655.82849121 

1741.76306152 

1741.76306152 

2709.97998047 

2709.97998047 

2503.7722168 

2094.2434082 

3211.19482422 

3262.27832031 

3692.97558594 

2377.2512207 

4505.24707031 

3129.29541016 

3024.65356445 

2681.35620117 

2333.52001953 

2522.13647461 

3114.56811523 

4614.72412109 

3030.97558594 

2951.75317383 

2489.72290039 

2737.57885742 

2346.94848633 

1938.42529297 

3358.11645508 

2803.15869141 

1938.92089844 

2392.02880859 
 

2154.48583984 

3759.50292969 

1734.79760742 

895.145874023 

1124.90991211 

1303.39050293 

2838.18920898 

1481.19287109 

2619.52075195 

248.091491699 

248.091491699 

2050.12719727 

2255.89282227 

1079.34289551 

6494.06835938 

1760.72595215 
 

1585.5637207 

515.843688965 

-321.820159912 

-341.998168945 

-124.086334229 

772.542541504 

292.509979248 

-555.970214844 

-862.101623535 

-1279.4029541 

-1214.08850098 

-2043.65087891 

-2043.65087891 

-2043.65087891 

-1016.55322266 
 

-5598.7890625 

-741.463684082 

-741.463684082 

-2905.22875977 

-4173.33007812 

-1979.39416504 

-3154.73706055 

-3017.27514648 

-3017.27514648 

-2778.04003906 

-3946.58129883 

-3661.68701172 

-2624.09790039 

-2460.33349609 

-2854.43041992 

-2854.43041992 

-3380.5703125 

-2262.40869141 

-3552.96289062 

-2272.79736328 

-4152.93896484 

-4030.73364258 

-2045.6340332 

-2980.74755859 

-2070.16821289 

-3848.06176758 

-3158.78686523 

-2726.35498047 

-3422.12573242 

-3398.77246094 

-2747.57714844 

-2062.09179688 

-4062.60571289 

-3899.99316406 

-3555.55883789 

-2250.00439453 

-3438.75097656 

-1986.80957031 

-2274.203125 

-2905.36157227 

-3309.79516602 

-2061.41381836 

-1475.78796387 

-2492.82324219 

-1670.71826172 

-1822.2355957 

-1235.36694336 

-1651.59460449 

-2804.68774414 

-2092.73120117 

-2092.73120117 

-3072.89916992 

-5.43179101104e-17 

-1067.44396973 

-1324.36975098 

-186.989578247 

-1002.51141357 

7.65256500244 

-490.318908691 

-759.11932373 

-610.303405762 

-610.303405762 

41.0324249268 

245.80039978 

-350.883728027 

745.213500977 

-67.2232971191 

599.783508301 

717.977783203 

868.439575195 

388.127960205 

1268.33850098 

1292.32385254 

1267.86694336 

-873.688171387 

1641.76428223 

1877.33154297 

2792.27685547 

2190.1496582 

1918.92053223 

3211.01977539 

1999.77941895 

2499.65454102 

2185.10449219 

5155.34326172 

4278.94580078 

3157.77392578 

3756.91186523 

4474.03271484 

2892.01000977 

122.277526855 

1179.05102539 

3410.7331543 

3116.77905273 

2889.9855957 

3588.28100586 

2459.96313477 

4571.99414062 

3265.27832031 

3869.06323242 

1923.51745605 

4519.93359375 

2772.0390625 

2772.0390625 

2514.94189453 

2137.88256836 

4319.77734375 

-908.149963379 

6753.45947266 

1872.95959473 

1872.95959473 

2198.68261719 

2675.60961914 

149.154708862 

1609.3996582 

2323.29101562 

1058.77966309 

-1522.14404297 

1331.27294922 

2022.01953125 

1418.77380371 

-1070.07177734 

-1413.94909668 

663.250244141 

-5131.16064453 

-382.301757812 

-566.431884766 

-122.050994873 

-1099.16638184 

-824.624389648 

-1015.034729 

-1508.67724609 

-477.95602417 

-1388.10229492 

-2023.9909668 

-2051.6496582 

-1624.37536621 

-1799.93334961 

-1966.87719727 

-2320.37231445 


-1863.19250488 

-3509.86035156 

-3732.71484375 

-4389.69580078 

-2960.3034668 

-2508.80810547 

-5812.48583984 

-5461.88037109 

-5461.88037109 

-3567.00976562 

-2687.12231445 

-4154.94335938 

-3358.65722656 

-2541.71875 

-6300.99414062 

-4322.87988281 

-3409.47070312 

-2368.63330078 

-4275.69238281 

-3570.59667969 

-4224.25146484 

-3465.60058594 

-3794.20214844 

-2418.42163086 

-2578.61645508 

-2902.06665039 

-2240.9387207 

-2587.87207031 

-3106.05810547 
 

-2375.70800781 

-3051.3347168 

-2732.35424805 

-3561.47387695 

-1561.19702148 

-2815.1875 

1498.33374023 

-2391.69335938 

-1547.82702637 

-1896.67980957 

-1816.63366699 

-1414.30749512 

-1458.88818359 

-2312.00585938 

1416.00939941 

2290.08886719 

133.672927856 

298.621673584 

-72.5993881226 

-286.632202148 

1162.7298584 

1117.37512207 

1403.82080078 

2358.67651367 

3894.82275391 

3894.82275391 

2798.63574219 

2939.31005859 

2149.38916016 

2149.38916016 

2306.49584961 

2271.80761719 

2620.18310547 

3982.05932617 

5636.16259766 

2930.20898438 

4301.64453125 

4301.64453125 

6256.28125 

3332.26464844 

3332.26464844 

3563.65698242 

3756.30419922 

3756.30419922 

3756.30419922 

5896.24853516 

157.839126587 

3158.38525391 

151.824859619 

1069.82397461 

1069.82397461 

3230.35205078 

3287.16967773 

5050.29882812 

2217.81616211 

3695.99584961 

2771.14746094 

3831.2253418 

2120.04223633 

2120.04223633 

2138.88232422 

2138.88232422 

-1710.02185059 

2721.71142578 

2721.71142578 

1452.82666016 

2040.9798584 

-1561.43212891 

2271.81347656 

1786.59558105 

450.058837891 

450.058837891 

-778.50567627 

-1721.65454102 

-1609.43811035 

-1169.22741699 

23.8619689941 

-2783.50610352 

-1399.09960938 

-101.155265808 

-186.727081299 


-965.066894531 

-1625.37670898 

-1286.41772461 

-1139.16442871 

-1517.06726074 

-1841.14685059 

-3171.96459961 

-1861.85864258 

-1861.85864258 

-1682.73474121 

-1998.45654297 

-1998.45654297 

-2772.99633789 

-3043.01245117 

-3419.1862793 


-2982.54003906 

-3148.43725586 

-6586.26416016 

-1045.99182129 

-3179.75415039 

-6556.81396484 

-2220.04296875 

-2574.21850586 

-2574.21850586 

-5888.40332031 

-2821.87866211 

-3153.91918945 

-2032.04455566 

-3642.64160156 

-5145.13232422 

-2175.63769531 

-717.193481445 

852.12286377 

-370.391326904 

-2348.33447266 

-2348.33447266 

1039.359375 

-2996.13574219 

-1345.3092041 

-944.786132812 

-1782.05444336 

-1220.12121582 

-1693.42675781 

-987.406555176 

264.415435791 

185.608200073 

-355.402770996 

-4.43409872055 

-19.9979896545 

32.5725212097 

156.021560669 

317.778961182 

317.778961182 

3545.67407227 

535.707458496 

1583.36462402 

1049.11193848 

3566.58911133 

-44.0565719604 

4342.46337891 

2153.81811523 

1579.56408691 

1576.17272949 

1447.35778809 

1210.65441895 

3345.66210938 

1049.7677002 

5755.19921875 

4135.30371094 

2365.91479492 

2627.84204102 

1969.87438965 

3244.71337891 

3935.04614258 

3633.03686523 

1881.20727539 

2560.08691406 

2560.08691406 

4051.54199219 

4713.62402344 

3818.9453125 

6379.32568359 

2085.77026367 

2182.25292969 

2284.76782227 

2268.45800781 

2430.16552734 

2821.18359375 

2821.18359375 

3375.34057617 

3343.21166992 

1410.66699219 

2492.90136719 

696.70892334 

-638.411987305 

-638.411987305 

-46.520450592 

3300.34472656 

3182.03564453 

52.8263931274 

3965.37231445 

1605.86352539 

1098.81005859 

1889.95544434 

-1096.73120117 

2498.16577148 

-2323.97509766 

-1193.64135742 

-1117.13793945 

-1819.18554688 

-1492.18151855 

-3725.80322266 

-1091.41723633 

-3728.93212891 

-390.102996826 

-3536.6105957 

-1396.52209473 

-3907.94604492 

-1993.48193359 

-1148.7010498 

-4005.84399414 

-2271.45629883 

-1.63136592972e-23 

-1688.34106445 

-3288.05737305 

-4128.91064453 

-4866.53417969 

-2743.19262695 

-4101.42871094 
 
 
 
 

-92.9927749634 

-8376.51757812 

-3417.0925293 

-2010.15942383 

-2762.32543945 

-2104.51123047 

-1753.71069336 

-2034.75427246 

-4357.09326172 

-4357.09326172 

-1242.40087891 

-4365.32226562 

-4365.32226562 

-5233.18896484 

-712.391235352 

-3597.73120117 

-5287.39306641 

-0.323384732008 

-0.323384732008 

-4190.74267578 

-2738.8815918 

568.634460449 

-4502.88623047 

7.00649232162e-45 

7.00649232162e-45 

-3666.32836914 

-2192.5246582 

1947.08093262 

1033.50219727 

-1922.92712402 

-1922.92712402 

-1343.88256836 

1244.22033691 

1244.22033691 

-1693.68261719 

3620.37084961 

-0.588094592094 

282.918579102 

247.224151611 
 

2177.64599609 

5284.15136719 

5284.15136719 

3943.60009766 

4211.70800781 

974.730529785 

4102.90869141 

3520.04614258 

3520.04614258 

4224.08056641 

5993.01806641 

5993.01806641 

3505.61743164 

6034.39306641 

2129.08398438 

1894.11425781 

3160.51049805 

2912.00561523 

2420.05273438 

4430.95263672 

2151.27246094 
 

3104.93334961 

3842.77978516 

2554.88012695 

5161.79785156 

5161.79785156 

4516.63134766 

4516.63134766 

4516.63134766 

3680.39672852 

88.3309326172 

4873.95361328 

-151.510253906 

-151.510253906 

1821.61572266 

1581.17553711 

-237.294052124 

1090.93200684 

2910.47900391 

2910.47900391 
 

2704.5859375 

2898.13061523 

1935.69494629 

-78.1662139893 

929.486083984 

1065.91760254 

1156.33789062 

-1403.15319824 

-3672.06542969 

-4142.91943359 

101.606887817 

-2592.58666992 

-1286.0645752 

-829.836669922 

-705.751159668 

-3029.6796875 

-1457.41625977 

-2377.75463867 

-2377.75463867 

-3642.46191406 

-2813.10522461 

-5421.66796875 

-3530.76147461 

-2661.35522461 

-3870.49926758 

-1776.3248291 

-4360.07275391 

-4791.93798828 

-2793.73071289 

-2144.93041992 

-7107.72412109 

-7107.72412109 

-3388.80883789 

-4718.02587891 

-4024.32128906 

-1574.8939209 

-4568.57177734 

-2090.94628906 

-2090.94628906 

90.2189331055 

-3881.13696289 

-3955.80957031 

-3723.5402832 

207.310714722 

-5583.35351562 

-5583.35351562 

-4863.28173828 

-4232.17480469 

-3210.63354492 

-3859.35791016 

-2663.31713867 

2009.38061523 

2416.39477539 
 

-2531.95507812 

2551.71630859 

2551.71630859 

-3457.84814453 

334.852539062 

-1402.91943359 

1162.9074707 

-1015.35308838 

668.674987793 

4770.63037109 

1204.36254883 

1234.43664551 

1.26370180986e-09 

3480.84692383 

3480.84692383 

3231.42260742 

1526.24450684 

2703.92016602 

2703.92016602 

2703.92016602 

2561.93554688 

3338.50512695 

4497.59716797 

2402.64868164 

2402.64868164 

2402.64868164 

4329.24951172 

6143.19433594 

6143.19433594 

38.7609329224 

3571.14672852 

1501.47521973 

1501.47521973 

4591.73388672 

3916.70458984 

3977.44042969 

3769.99389648 

3111.96289062 

2923.9621582 

3090.67553711 

83.3459091187 

-1.33473678727e-41 

7537.36279297 

4764.38427734 

2162.546875 

1923.59484863 

3161.70288086 

574.140441895 

-1.63702380657 

49.9940261841 

-856.059936523 

1156.93530273 

2616.62524414 

1130.27416992 

-3361.22241211 

311.459625244 

2768.50732422 

-716.007629395 

-311.238464355 
 
 
 

-445.838226318 

-1387.38977051 

81.9239501953 

1045.4296875 

896.819519043 

-139.38949585 

396.177581787 

396.177581787 

396.177581787 

-192.230209351 

-4302.296875 

-802.494262695 

-2981.63183594 

-3419.71166992 

-3738.30126953 

-1855.27282715 
 

-2533.36401367 

-6261.52685547 

-3646.56152344 

-3646.56152344 

-2469.36791992 
 

-4063.84033203 

-3810.56005859 

-2715.21289062 

-4248.49121094 

-4248.49121094 

-7.34963350062e-36 

-3264.95654297 

-2173.29785156 

-2173.29785156 

59.6568145752 

-5225.79833984 

-3171.67407227 

476.858978271 

-236.341262817 

-2427.42651367 

-5281.80712891 

-5411.20800781 

154.681930542 

-1957.47741699 

-3642.22729492 

-4082.50756836 

528.923095703 

3197.02832031 

2012.46704102 

-3899.08081055 

-3933.25146484 

-1099.45471191 

-1819.99389648 

2582.44311523 

-2321.88989258 

-3122.69702148 

-3670.63110352 

-2147.62646484 

-1683.53601074 

-1826.4309082 

-1881.33654785 

79.1602935791 

-1356.39245605 

510.366424561 

3990.15112305 

-1031.63916016 

-369.789916992 

4016.51733398 

-338.900146484 

-329.310119629 

-329.310119629 

-114.124526978 

-171.275039673 

649.310546875 

1740.27746582 

75.1826095581 

75.1826095581 

1579.1751709 

3644.29174805 

2359.68652344 

613.40838623 

759.803344727 

3426.83789062 

3426.83789062 

806.546630859 

2848.23901367 

3639.39550781 

4486.57324219 

3238.98657227 
 

6976.62304688 

15.6298751831 

1353.44238281 

2862.83862305 

4098.01953125 

2860.68212891 

2860.68212891 

2760.9621582 

801.116149902 

-30.3357372284 

3220.2043457 

-1153.61547852 

-550.485595703 

-550.485595703 

4569.16455078 

1955.30285645 

5264.66845703 

2871.80664062 

4640.24853516 

2100.8347168 

-2537.62329102 

4012.91796875 

4012.91796875 

729.341003418 

3398.98364258 

2922.89135742 

3061.1328125 

2197.72802734 

3226.31689453 

2640.77514648 

1690.30554199 

1690.30554199 

1690.30554199 

1690.30554199 

1729.17993164 

-3935.10180664 

1180.82128906 

1180.82128906 

1180.82128906 

1233.84655762 

1095.58703613 

897.696289062 
 

797.44317627 
 

545.036682129 

-1741.20605469 

-2316.97509766 

-3083.22607422 

167.061599731 

43.2801971436 

-774.819580078 

-1162.64660645 

-1162.64660645 

-2904.26708984 

-1934.55517578 

-3183.11376953 

-2013.34216309 

-2.62600810446e-18 

-5473.78076172 

-2750.4519043 

-2012.91638184 

-202.751296997 

-2876.58618164 

-4343.73095703 

-4343.73095703 

-2307.30224609 

-3209.97387695 

-3138.24365234 

-3057.88671875 

63.6374893188 

-3971.69384766 

-3754.26855469 

-3840.18457031 

-3859.4140625 

-3568.87255859 

-5066.15820312 

-4410.65136719 

-4410.65136719 

-4060.53710938 

17.6333179474 

-3062.47021484 

-3062.47021484 

-3345.16430664 

-2048.0065918 

-2203.79736328 

2884.53198242 

-2614.4050293 

-1855.46008301 

-1855.46008301 

3620.73950195 

-4186.19677734 

3818.06005859 

-3866.0859375 

-657.197753906 

-2724.45361328 

3765.86694336 

3765.86694336 

-2501.48583984 

-2492.546875 

-2197.05615234 

-1791.91003418 

-1787.59436035 

-1575.08337402 

804.467224121 

1043.47106934 

-1198.8338623 

-1193.78051758 

2791.85498047 

-83.8780212402 

-617.82989502 

-16.981584549 

182.832885742 

-424.048858643 

228.947540283 

1358.29956055 

4673.11474609 

334.165527344 

1887.7545166 

882.177185059 

4381.87548828 

806.958190918 

3483.41577148 

2011.80297852 

2011.80297852 

231.483612061 

231.483612061 

463.978942871 

463.978942871 

3894.16210938 

4404.38476562 

2350.6315918 

7757.13183594 

2530.57958984 

807.173950195 

4361.27197266 

-684.341308594 

-684.341308594 

3595.86865234 

3466.0793457 

3524.07470703 

3832.47167969 

3829.0480957 

3647.60327148 

3014.79199219 

3972.75610352 

3863.69116211 
 

-2582.13208008 

4376.80859375 

3653.01171875 

3743.56591797 

4932.85302734 

3719.98510742 

3719.98510742 

2641.59155273 

2641.59155273 

3433.68286133 

2353.28222656 

2597.39648438 

2708.40380859 

-2701.07788086 

1660.82666016 
 

-5171.70507812 

1338.42041016 

-3567.83935547 

2051.31884766 

1946.42431641 

-657.526916504 
 

89.0546722412 

-5819.71728516 

-5819.71728516 

-1764.72888184 

-597.589050293 

756.19909668 

-708.780334473 

241.0809021 

-164.130523682 

141.148086548 

-881.118041992 

-1619.87316895 

-639.736572266 

-619.360290527 

-3649.6730957 

-2465.75244141 

-2465.75244141 

-2465.75244141 

-2187.85791016 

-3493.37866211 

-1108.89990234 

-9.72859764099 

-2950.60253906 

-2823.34277344 

-3081.87988281 

-4091.39282227 

-1550.26818848 

-2822.91772461 

-3940.86450195 

809.605102539 

809.605102539 

809.605102539 

809.605102539 

1503.8782959 

-2691.83422852 

-2691.83422852 

1829.81311035 

2682.43432617 

-6232.56494141 

-2833.41235352 

-3545.48486328 

3126.65771484 

-2827.40332031 

-2959.85009766 

1061.5703125 
 

-2640.10766602 

-3857.05493164 

-3265.24414062 

-3584.56005859 

-3215.33837891 

-3772.63867188 

-3682.74243164 

65.7379074097 

-3521.21362305 

-3029.4465332 

-2579.80322266 

1.33580613531e-27 

-1806.90881348 

-1952.81164551 

4645.734375 

-534.472595215 

393.984985352 

-1682.80078125 

-871.155395508 

-871.155395508 
 

-547.169006348 

597.344787598 

597.344787598 

2952.67504883 

697.338989258 

162.755844116 

943.81817627 

943.81817627 

943.81817627 
 

4895.63232422 

4895.63232422 

5179.95898438 

5179.95898438 


1143.29577637 

2262.21044922 

1701.31811523 

3309.19677734 

-296.593048096 

5778.72998047 

5778.72998047 

4247.21777344 

3463.953125 

-214.992980957 

2062.36743164 
 

-7.47547932917e-32 

2522.10791016 

3976.89233398 

3425.72607422 

-1189.33728027 

5941.60595703 

5941.60595703 

5085.03613281 

-3666.48510742 

2592.4309082 

-4508.23193359 

-4508.23193359 

4931.99658203 

-3307.41308594 

-70.641418457 

4352.43945312 

2604.76757812 

3412.37475586 

3175.71484375 

3207.23046875 

3308.43383789 

1351.60522461 

1351.60522461 

-496.183166504 

-4286.11035156 

451.968292236 

-3433.94140625 

1860.08459473 

2031.3614502 

2031.3614502 

1667.14367676 

1722.11535645 

1647.30224609 

1386.67285156 

1386.67285156 

1004.05865479 

951.093322754 

747.481018066 

-1535.67614746 

-1535.67614746 

837.166748047 

267.064697266 

-2391.96679688 

-1607.17370605 

-5437.6796875 

-80.3559646606 

-50.7345237732 

-3469.22875977 

-2849.9230957 

-2385.62792969 

-6.46125364304 

-640.692016602 

-1525.51513672 

-2129.05908203 

-2697.57006836 

80.416229248 

-4765.55078125 

-2104.71240234 

-2146.00537109 

-891.375244141 

-2945.05371094 

-2945.05371094 

-7419.06689453 

-7419.06689453 

-7419.06689453 

-7840.49560547 

-4647.88037109 

2292.73876953 

2292.73876953 

1192.14050293 
 

-3786.54736328 

-3786.54736328 
 

-5146.9140625 

3.1481069982e-06 

-1478.29577637 

3985.26147461 
 

2.809009552 

375.708892822 

-3059.61816406 

3741.07250977 

-2464.50610352 

-2031.20300293 

-1885.14416504 

-1525.87414551 

-1852.74560547 

-1852.74560547 

-1742.06811523 

-1306.02038574 

1885.62731934 

-1152.92297363 

-1152.92297363 

-1184.27490234 

-861.629821777 

-506.238250732 

-602.564941406 

3028.71826172 

192.969177246 

448.98916626 

-197.348449707 

220.688400269 

214.484069824 

665.059448242 

797.056518555 

2087.66650391 

2087.66650391 

2087.66650391 

2087.66650391 

2261.10864258 

1297.01757812 

3274.75439453 

1315.54296875 

3655.07958984 

3508.23046875 

2019.77099609 

2019.77099609 

2571.98632812 

3238.7019043 

3122.18139648 

3221.91064453 

3183.34082031 

2593.3137207 

4032.41430664 

3708.38208008 

-340.403717041 

5648.44189453 

2912.09912109 

2357.46484375 

2940.59765625 

-625.153625488 

3262.37329102 

3486.81713867 

3537.50317383 

2268.71679688 

-3410.07202148 

3620.58618164 

1899.81176758 

200.988983154 

-538.821838379 

1373.21459961 

186.110610962 

2488.53637695 

2364.22363281 

-703.88671875 

-1521.7532959 

-1976.72875977 

-2893.72509766 

-2340.97900391 

-2535.52539062 

51.5960884094 

-3227.24365234 

-4995.30810547 

-2359.40063477 

-1484.46606445 


-4290.73095703 

-5534.4921875 

-510.080749512 

-1370.83483887 

-3434.68725586 

-2905.82763672 

-4059.58374023 

-3775.46582031 

-3916.31030273 

128.006149292 

-3309.05444336 

-2411.63623047 

-6342.19775391 

-4440.01464844 

1423.61865234 

-3334.33447266 

-3648.83251953 

-3648.83251953 

-2795.19506836 

-3880.28271484 

-2749.74853516 

2169.98095703 

313.625213623 

-3721.34716797 

-3852.51879883 

-3709.53442383 

-3612.71191406 

-4969.30957031 

-5336.68505859 

515.243347168 

-4469.11230469 

-3135.25390625 

-3734.26635742 

-4695.05664062 

-3409.60180664 

-3390.4128418 

-3325.73657227 

-2354.10302734 

-2912.22998047 

-244.05921936 

-3008.81762695 

-2565.98217773 

-3724.59106445 

-2627.94091797 

-3237.92358398 

-2977.54907227 

-2895.015625 

-3248.48803711 

-2755.58813477 

-2767.33886719 

2959.80859375 

-906.79864502 

634.123718262 

-1969.4342041 

953.336120605 

6687.83056641 

484.192443848 

-881.95135498 

1152.37023926 

2580.7355957 

2580.7355957 

210.765213013 

-139.489654541 

-84.0970840454 

3.05858659744 

3.05858659744 

1.74145448208 

126.163230896 

666.881958008 

1093.06677246 

359.561950684 

2148.28271484 

486.569763184 

3120.8581543 
 

2692.81665039 

-93.6363449097 

3838.08349609 

4320.66748047 

-225.070632935 

3539.90234375 

3548.58666992 

5341.70703125 

2506.46020508 

2780.07104492 

-1675.79846191 


2596.77392578 

-1329.30761719 

-1094.68115234 

3446.39404297 

-794.482666016 

5255.75341797 

-314.534515381 

5538.61572266 

5160.31396484 

2813.90869141 

3112.71508789 

4237.84863281 

1761.27404785 

1311.19287109 

3729.22290039 

3729.22290039 

3729.22290039 

3968.61108398 

2405.83544922 

3510.9987793 

821.346008301 

3327.22338867 

-984.291503906 

-1990.37866211 

-5874.91113281 

-741.497558594 

-836.432067871 

-6029.65429688 

-859.827392578 

426.256713867 

1410.60693359 

1422.44250488 

896.686279297 

-2497.67871094 

1198.60046387 

1198.60046387 

298.573913574 

298.573913574 

298.573913574 

243.011352539 

377.751861572 

200.305496216 

65.3067016602 

140.999069214 

-446.815429688 

-2444.19287109 

-960.965637207 

-959.395141602 

-1033.67956543 

-1089.30993652 

-1394.49597168 

-1394.49597168 

-1478.69543457 

-781.04498291 

-3588.76611328 

-3210.55078125 

246.570373535 

-5059.7578125 

-2377.57348633 

-4377.078125 

-5805.23339844 

734.731018066 

-2665.34082031 

-2634.22924805 

-4847.58886719 

-3644.52758789 

-4744.61962891 

-4934.50146484 

-3386.13037109 

-2602.4375 

-4570.12011719 

-4815.62988281 

-3017.61010742 

2248.20874023 

-6059.06298828 

-1114.57763672 

-5420.74609375 

4365.28662109 

2206.04101562 


-878.314208984 


95.8054199219 

543.985107422 

763.391784668 

763.391784668 

4090.64135742 

-3214.21142578 

913.454650879 

913.454650879 

-2386.19311523 

-2595.34472656 

-3019.75170898 

-2490.4453125 

-2631.10717773 

-2631.10717773 

-2524.04296875 

-1720.64257812 

-1720.64257812 

5480.11572266 

1362.28930664 

-1379.80383301 

-516.14074707 

2511.53930664 

2914.5456543 

-4.07598972321 

2482.36865234 

3845.31054688 

3845.31054688 

5047.86328125 

13.386179924 

2062.05883789 

5509.26074219 

3841.99169922 

3784.90209961 

2900.57299805 

3921.84179688 

3921.84179688 

-62.5863494873 



6252.31396484 

6122.08886719 

-1781.93493652 

5124.67236328 

406.581756592 


4108.10888672 

2955.28320312 

2955.28320312 

2955.28320312 

2416.48828125 

3708.49194336 

2346.29199219 

2346.29199219 

2346.29199219 

-2037.78088379 

3682.01831055 

-4182.95166016 
 



-5674.66601562 


3639.09204102 

-2806.64404297 

1035.11291504 

-2824.1315918 

-2824.1315918 

-6150.18603516 

1494.53991699 

-6212.60058594 

-5919.12451172 

3615.71899414 

-93.1559448242 

-3.1774127808e-26 

-714.68347168 

-714.68347168 

-5725.47558594 

-2747.04223633 

1169.99841309 

-71.6042785645 

-909.42779541 

-1266.45727539 

-2402.42480469 

-121.544578552 

-2366.40307617 

-2366.40307617 

-3458.30737305 

-3383.30102539 

-2989.49633789 

-1083.17126465 

-1436.22143555 

-1436.22143555 

-2156.32739258 

-1341.52563477 

-5061.04833984 

-5061.04833984 

-5740.95849609 

169.806045532 

-1602.53710938 

-2659.703125 

-2659.703125 

253.881439209 

-5681.5390625 

875.148071289 

-2809.18481445 

-3040.28759766 

-4845.41845703 

365.337036133 

-5917.51660156 

-2362.00512695 

-2362.00512695 

580.034179688 

-5710.18017578 

395.707427979 

-4388.95117188 

-2690.69067383 

775.699890137 

775.699890137 

-4669.16992188 

-1586.0838623 

-2414.08300781 

-1902.64025879 

-1740.05957031 

-1455.18591309 

-1462.02209473 

-1216.61938477 

-1182.47729492 

-952.300842285 

-273.676605225 


2074.27929688 

-1341.81494141 

-1216.13598633 

-17.7642002106 

1111.36230469 

3218.35131836 

-584.508422852 

1329.86743164 

3403.96142578 

2569.88720703 

3339.88183594 

3198.17236328 

4439.21142578 

3794.49389648 

3945.42822266 

3655.88183594 

3911.71264648 


3529.70068359 

4341.84375 

3903.77416992 

-204.400894165 

1043.71081543 

962.505554199 

1867.38232422 

1867.38232422 

2914.75268555 

-862.179992676 

3993.69995117 


1960.92297363 

2386.90063477 

2793.63354492 

2932.1418457 

2513.47851562 

3231.50341797 

4677.01708984 

2236.015625 

1486.31933594 

3797.33203125 

774.256958008 

-707.696716309 

2430.0637207 

-5363.89892578 

2022.98474121 

2022.98474121 

2022.98474121 

2022.98474121 

2022.98474121 

1237.66601562 

-953.656860352 

-252.542358398 

-4285.00097656 

-3769.48901367 

-3769.48901367 

-2030.05651855 

-3812.18823242 

-2614.60107422 

-5138.80175781 

-900.005310059 

-5031.31787109 

-4350.65087891 

261.934936523 

-3746.89379883 

-1834.64807129 


197.734893799 

136.611862183 

136.611862183 

-3854.66992188 

969.906677246 

-3399.33203125 

-3719.5715332 

-3345.78588867 

492.598297119 

505.902160645 

505.902160645 

502.141906738 


-4963.54833984 


-3079.9777832 

-3079.9777832 

-1400.00695801 

-1053.32568359 

-1053.32568359 

-522.981079102 

1008.13397217 

-2114.08056641 

1462.05358887 

1663.49902344 

2374.25537109 

6372.05419922 

-7.21197795868 


6809.48242188 

4433.44287109 

756.56262207 

1397.72998047 

1397.72998047 

4825.39355469 

4791.40380859 

5637.03759766 

4892.61621094 

4698.32519531 

4698.32519531 

4103.04150391 

4051.97558594 

3503.97949219 

3503.97949219 

7107.15332031 

6299.41894531 

-110.846618652 

-469.609405518 

4602.18310547 

4560.73828125 

4716.86425781 

2903.00683594 

3429.18066406 

-1192.42626953 

3262.82421875 

3191.328125 

-460.209381104 


-481.907867432 

2736.81298828 

-542.30645752 

2525.12329102 

2525.12329102 

2257.97827148 

1924.30749512 

2683.78100586 


2917.36914062 

1956.19177246 

1474.53137207 


3564.359375 

3116.15039062 

1101.74047852 

-6677.57958984 

2405.39624023 

2129.99462891 

-2161.7109375 

-883.484191895 

-2459.65625 

-1653.13684082 

-3278.97558594 

-3561.27148438 

-2682.0065918 

-3461.7722168 

-2971.52172852 

-2537.46826172 

-5030.37060547 

-4240.44091797 

-3658.76660156 

-3402.18920898 

-1382.02429199 

-2127.61132812 

-4281.87744141 

-45.2537117004 

-5939.70556641 

602.116333008 

-921.428955078 

-1738.47717285 

-1549.54589844 

-11295.0966797 

-765.497436523 

-365.557983398 

-1559.5378418 

-4082.13598633 

-5301.77197266 

-5301.77197266 

-4861.12060547 

-4715.14990234 

-3636.32519531 

2721.08056641 

-3168.52514648 

-5407.45898438 

2976.12304688 

-2520.77807617 

-3771.74853516 

-3651.73828125 

-793.759155273 

2031.5748291 

316.036834717 

1337.53564453 

1655.82116699 

-7.15798139572 

92.481010437 

1562.70483398 

1595.66625977 

751.564575195 

1376.83813477 

-459.489685059 

3897.00244141 

3683.53051758 

19.7610225677 

2927.29858398 

2094.88012695 

2094.88012695 

2094.88012695 

2094.88012695 

245.112854004 

245.112854004 


6364.67382812 

5132.07617188 

4346.15722656 

1711.30285645 

5422.21044922 

5854.12744141 

4777.59814453 

6163.95117188 

4243.72412109 

-189.114349365 

1121.46728516 

-364.751434326 

-415.690490723 

4479.296875 

-488.776031494 

4994.82080078 

3277.40258789 

48.4911575317 

4014.58569336 

3465.75048828 

3388.54956055 

2977.17041016 



2854.01123047 

2430.69433594 

2063.45898438 

1735.80725098 


1524.53527832 

1547.8416748 

1062.77294922 


767.281311035 


252.635787964 


-31.3738479614 

-182.492553711 

-279.565704346 

-453.0340271 

-738.666809082 

-485.524871826 

-4115.78320312 

-1865.57336426 

-6814.64941406 

-6814.64941406 

-6814.64941406 

-2093.59082031 

-1939.38623047 

-1288.69006348 

-4228.05712891 


-2029.15112305 

-2503.65844727 

-4895.71289062 

-3610.08935547 

-7343.77392578 

-1480.35925293 

-6330.09912109 

388.211517334 

-6459.9375 

-3000.30029297 

-5078.60546875 

723.041809082 

-3202.81469727 

-2856.53515625 

-3242.34521484 

-3461.90356445 

3194.51098633 

-2115.95336914 

-2445.203125 


-1740.81030273 

-1953.52209473 

-1681.37145996 

-3560.55029297 


-3115.58349609 

5877.60449219 

-195.654129028 

302.958984375 

1101.6373291 

1379.96252441 

1360.39306641 

1700.43359375 


1737.02355957 


2078.96069336 

2085.94482422 

3274.24243164 

3743.16015625 

3551.79736328 

195.20539856 

2670.1628418 

580.71862793 

5942.125 

5942.125 

9553.36425781 

-479.297058105 

1462.42370605 

-417.503448486 

3137.99462891 

4642.71533203 

4642.71533203 

1423.09069824 


-2020.43395996 

5600.12890625 

384.193664551 

3.17788362503 

2987.02392578 

4770.28613281 

3976.85083008 

3976.85083008 

3976.85083008 

1820.99987793 

1754.99243164 

2066.76464844 

1711.52075195 

-1096.33996582 


-748.415588379 

-1419.25378418 

-4188.47216797 

-5986.91796875 

548.164672852 

-7338.52246094 

-2547.14770508 

-1879.4395752 

-2689.80712891 

-2725.54321289 

-3642.11254883 

-2077.75097656 

-4053.82592773 

-4042.19897461 

-3962.01831055 

-3962.01831055 

-5083.82324219 

-3829.28662109 

-4669.1953125 

-4700.44726562 




-3042.75170898 

-2864.01049805 



-233.43447876 

-3210.31567383 

-3081.19335938 

-1263.4987793 

-4693.0390625 

-4280.54541016 

1622.13537598 


-763.942871094 

4783.90039062 

5040.30712891 

812.613952637 

812.613952637 

1347.25891113 




955.921203613 

1445.74951172 



1679.1126709 

6381.77880859 

5069.52978516 


4477.13085938 


4359.31152344 

5654.54980469 


2428.3203125 

4508.64599609 

2665.05029297 

5582.63134766 

4421.30761719 


2860.10375977 

3759.89672852 

2912.55053711 

1927.07702637 

7170.24658203 

7170.24658203 

7170.24658203 

1603.41918945 

1603.41918945 

1603.41918945 

6625.05810547 

3840.12866211 



4095.0769043 

4058.90063477 

3635.59838867 

3696.82739258 

3966.86083984 

-184.040222168 

-184.040222168 

4496.62841797 

5982.55566406 

5323.90869141 

5323.90869141 

-1130.65136719 

-1130.65136719 

319.9112854 

343.545318604 

2378.47216797 

1771.69897461 

1607.42443848 

1222.70385742 

787.176391602 

488.627441406 

180.018768311 

25.7865772247 

-2930.1574707 

-2147.21044922 

-2101.16064453 

-3484.40454102 

-1885.84716797 

-2278.48754883 




-4211.97314453 

-6240.86523438 

-4066.85083008 

-6332.77783203 

-6707.98681641 

-7066.71582031 

-7354.67822266 

-4197.16845703 

-1863.58764648 

-4313.58984375 

-6390.35986328 

-4204.02392578 

-5403.64990234 

-3794.63842773 

-3939.74707031 

-3192.92163086 

-7231.47607422 


-7852.35400391 

-4630.88085938 

-1078.58007812 

-5609.90820312 

-4636.40820312 

-1058.83813477 

1011.02001953 

-2028.4901123 

861.638000488 

-2744.86621094 

-5295.07275391 

-3350.24365234 

3159.34155273 

-1788.2644043 

-1217.6776123 

-910.116271973 

-625.485534668 

-298.111663818 

2643.80859375 

-1745.05041504 


2414.13769531 

1408.76782227 

1215.41259766 

1390.8659668 

1736.01342773 

1892.15917969 

1984.36157227 


2256.6472168 


2867.96435547 

703.544433594 

5288.85253906 

3341.39355469 

8569.3515625 

5349.18554688 

5349.18554688 

7548.51416016 

7839.28271484 

5805.36083984 

5016.97460938 

5112.79931641 

5434.08300781 

7002.17480469 

7002.17480469 

7002.17480469 

5186.01757812 

133.75239563 


6478.69775391 

6478.69775391 

6478.69775391 

-759.694824219 

4219.98339844 


4716.88134766 

2484.70288086 

4312.62597656 

4312.62597656 

-475.553344727 

-475.553344727 

-2137.33935547 

797.348876953 

-3641.07080078 

-2285.51782227 

-7686.75 

-1984.95715332 

-4554.56396484 

-4554.56396484 

-4703.78808594 

-6199.84423828 

-4049.90087891 

-3753.31835938 

-4288.43310547 

-4041.49780273 

-5380.57080078 

-6257.54541016 

-5496.92626953 

-759.574279785 

-7234.60302734 

-7260.20654297 

-4429.98876953 

-7033.45410156 

-7033.45410156 
 

-6345.42919922 

-4982.55664062 

-4982.55664062 

-5857.48730469 

-4552.28466797 

-4497.25341797 

-2584.03100586 

-4675.19189453 

-4266.38427734 

-280.743408203 

-1442.421875 

-394.677734375 


322.112213135 

-1562.94506836 

-494.927886963 

-342.078155518 

5212.04492188 

1954.75842285 

2267.50683594 

4743.07226562 

4765.94433594 

1830.81604004 

1830.81604004 

7273.60253906 

4686.25097656 

576.502258301 

5209.40234375 

5008.43945312 

4017.2734375 

1203.41381836 

5984.76806641 

7283.84863281 

4167.15039062 

3679.68579102 

3340.61254883 

6354.48242188 

1840.60327148 

-1327.02807617 

163.571075439 

754.238220215 

4031.47412109 

4452.64355469 

4353.75439453 

4017.12597656 

3432.28369141 


-848.702514648 

-848.702514648 

4499.05712891 

-2968.1237793 

5942.78515625 

977.187805176 

2187.40869141 

4259.28076172 

-134.347717285 


-3691.17089844 

1485.0324707 

-1389.42333984 


-2060.58178711 

119.652626038 

119.652626038 

30.9240684509 
 
 

1269.82666016 

629.570251465 

629.570251465 

-191.790252686 

-191.790252686 

-3745.66357422 

-4145.60107422 

-2932.125 


-6863.69091797 

-1317.91711426 

-3401.11499023 

-5603.08496094 

-3182.08911133 

-5995.90136719 

-4693.17138672 

-6242.10058594 

-6429.39746094 

-5686.42822266 

-251.227508545 

-7846.125 

-7160.83203125 

-7328.61767578 

-5886.75195312 

-6105.56298828 


-4592.50683594 

-4632.6640625 

335.033813477 

-2773.09936523 

-6093.72021484 

-6093.72021484 

298.661346436 

-3658.4519043 

490.359680176 
