1.35050268087e-05
-6.87795420938e-05
5.90652748124e-06
7.16098934604e-05
1.63013074584e-06
7.3516476096e-05
1.25797873674e-05
-9.80554048762e-05
1.04535934874e-05
-9.73429260993e-05
5.84306052461e-06
7.36748324926e-05
0.0197553634877
0.030078303077
0.0560090266226
0.0469047813367
0.0105620372083
-0.0166268761477
0.0590209435973
-0.021040437138
0.114209628202
0.00082159909213
0.145445544183
-0.000698961535666
0.120363960186
-0.00781090510038
0.0983103575815
-0.00944311875711
0.143359482043
-0.00202885524842
0.164707368015
-0.00074252400809
0.207999211327
-0.0174166688912
0.20264404945
0.0160813990765
0.176516281997
0.000555301333585
0.206272790042
-0.00707487464368
0.220991515651
0.0403899843295
0.246907250926
-0.00620480760187
0.217960715512
-0.000667145823547
0.276967634995
-0.0154203215683
0.339076970071
0.00211723710852
0.312714288781
0.00334707401317
0.272493419799
-0.000779180338943
0.314653874974
0.00121912796468
0.379870347679
-0.0244505378715
0.372933597902
0.00369549155816
0.350012405434
-0.00754352365901
0.390910195061
0.00905696081094
0.48931563895
0.0442282731728
0.586199113583
4.52508148306e-05
0.64121101698
-3.81909257783e-05
0.700847080664
0.0311770049521
0.731527506222
-0.00297089504177
0.756657308797
0.0115405167908
0.777665819496
-0.00329099390006
0.770360618143
0.020542035789
0.75607436351
-0.0146190224102
0.721462367247
0.00609709121523
0.667122856506
0.00698277935678
0.652528660905
0.00126957072541
0.621906630089
-0.00285045998632
0.593663904945
0.00461325143178
0.56019468713
-0.00140306981008
0.543889320026
-0.00642653635733
0.529829614155
4.37202377468e-05
0.515240858072
0.00735629606596
0.541604070872
-0.00526490081081
0.637252393872
-0.00284962999872
0.675956815235
0.00972647179414
0.683506207057
-0.0146168426987
0.666561616369
0.0232034246488
0.663562896095
0.0013285028797
0.683037135546
-0.011245092736
0.711815055648
0.00284667490718
0.682930036896
0.00096818565003
0.636546901568
-0.00140052324472
0.578808058489
0.0229762580908
0.539410192964
0.00574960736741
0.498709862664
0.00724565811506
0.478350462318
-0.00838730429808
0.476094075917
0.00275071715491
0.478107350487
0.0051278000355
0.523016019055
-0.0219994111668
0.535987208693
-0.0114905140515
0.705246821555
0.0260585965759
0.73277583122
0.0301852053894
0.696169747024
0.00557739641944
0.65071653228
0.000593338819638
0.623433386198
-0.00602089521793
0.612601354521
-0.00257662220109
0.596652758024
-0.00629692719692
0.582424287194
-0.0198322846418
0.606272377527
-0.00248169798915
0.638434190742
-0.0108299541141
0.665459188764
0.0048888520657
0.68443751544
0.0236662859125
0.730596244925
0.00669476381978
0.760703533431
-0.000651812853503
0.777628730149
-0.00206064427864
0.768040278924
0.00260545785016
0.729361989364
0.00277717089387
0.713436857294
0.00951604485282
0.70021361964
0.00563646283132
0.67465600991
3.75708854121e-05
0.656287389666
-0.0155191648637
0.648342496441
-0.00331567742129
0.632143790435
0.00879587262883
0.67034630217
-0.00947104946975
0.693404763744
0.00251203739142
0.740096058891
-0.00129672620727
0.756759164719
-0.0045772501688
0.750667659896
-0.00667037617704
0.751734998189
0.00221607727727
0.756075304998
-0.00281957696084
0.724662763102
0.0107955513385
0.688158577486
0.00710770041334
0.667432229568
-0.00438064540992
0.667877104791
-0.00401287422401
0.666654719396
-0.00106259573834
0.692171686165
0.00336998806333
0.713425361251
-0.00611214018732
0.725641700408
0.00151661924745
0.757122596995
-0.00471580211207
0.800742004397
0.00561690658088
0.79541976676
-0.00854096556952
0.780266555887
-0.000379391619459
0.782919952088
-0.00560929084956
0.772903039142
0.00750095308235
0.777492974276
0.0165529842608
0.776982058688
0.000180190513485
0.778997965175
-0.0255659610327
0.787314432083
-0.00473629986886
0.797177875694
-0.0218134439288
0.813987095172
-0.00763432423939
0.833410210837
0.0022484156776
0.851321155293
0.0101942323788
0.854887040078
0.0223659794576
0.84366573222
-0.00141571499355
0.841206189671
0.00031877713493
0.835726733588
-0.0250554924149
0.830713243362
-0.00552905612309
0.837013016018
0.00266399676212
0.850095024337
-0.00493632139977
0.866876953196
-0.00112818895344
0.871605940499
-0.0109680564892
0.882293498445
-0.00787815475483
0.885003052399
0.0304868529006
0.891824772192
-0.0201741173313
0.886480907165
0.00541641176732
0.881777082931
0.0371502222159
0.878334655438
-0.00280735874311
0.87515053672
0.00572612602341
0.89547789228
0.0206498595624
0.90483212719
-0.00291501684392
0.918378880183
-0.0115502721161
0.92821614169
-0.0233502426014
0.929134010907
-0.0370533972764
0.92723439215
-0.0299597889318
0.928614388597
-0.00484527328787
0.933101879727
-0.0223242906293
0.94389997913
0.000576231749364
0.952639178183
-0.00315752767689
0.967035948323
0.00638216631107
0.973370794896
0.0119863387903
0.973376974732
-0.00767148410191
0.974345463936
-0.00503281889248
0.975636155925
-0.0222204288817
0.978997251599
0.0142314427296
0.988534665893
0.00227660644726
0.998360456737
0.00105313176379
1.01164642221
0.00820186358671
1.02008714137
-0.00399749717051
1.02002338626
-0.0196768575966
1.02360531339
-0.00155108454463
1.03133296174
0.00171383777556
1.04443616931
0.00649680958492
1.0537689977
-0.00168342025514
1.06370222443
-0.0205272746953
1.06903824067
0.00212213098812
1.0751203474
0.00940860248144
1.08153934952
-7.14793030893e-05
1.08489080461
-0.00687934224887
1.09199142844
-0.00387425262848
1.09411161157
-0.00317841782497
1.10649137674
0.00163563624104
1.11971939202
0.000878125654295
1.13204829382
0.0005469961589
1.13209092378
0.00310360722755
1.13690871371
0.00139122209541
1.14370324714
0.00744508224878
1.15170776032
-0.00124940340361
1.15790095399
0.0064410219392
1.17143847841
-0.00263551866761
1.17587813941
-0.0110466301518
1.19062035061
-0.0113492531882
1.19429864131
-0.0341541019133
1.19331689041
0.00178190823576
1.20250468053
0.00287035843503
1.20263944261
0.00518128871981
1.20067833595
0.00664880604502
1.21686464018
-0.000163732921833
1.23199627308
0.0119617742809
1.23586830655
-0.00180977194218
1.23207964984
-0.0136439279074
1.23366143479
0.00534376198807
1.25200042729
-0.0173724299764
1.25961434084
0.00271877917
1.28066583207
0.00572065145215
1.28005545478
0.00792081739922
1.29087306053
-0.00739394390739
1.29330028067
0.00602873219343
1.28745517067
-0.00254185162822
1.29222487146
0.000881044621924
1.30335742626
0.00183324811797
1.30916056348
-0.00374033329225
1.30969377779
0.00196682384144
1.32019568354
0.00441004940985
1.32600600689
0.0032069796887
1.33092868282
-0.00216813442041
1.33184386192
-0.0032301646468
1.33521556944
0.00273815008474
1.33681258551
0.00667575061588
1.33659200902
-0.00295595989284
1.34045440232
0.0464520467467
1.34792811925
-0.00234796516849
1.34932208294
-0.00736521561712
1.34940054372
-0.00654489175528
1.35413987904
-0.000246004025631
1.36749737519
0.00319453573416
1.37954113317
0.000826176351302
1.38460537194
0.00423282366982
1.38743050806
0.0160367653673
1.39071662821
0.000974506554038
1.39418940428
0.00165166078503
1.39424943719
-0.00191159272764
1.40002169891
0.00681769356097
1.41030187804
0.00141877059868
1.42779171508
0.00694936504042
1.43244670677
-0.00283764523134
1.44624008866
-0.0148172008137
1.44998664152
0.00337659657938
1.46681658164
0.000883003946364
1.46905599158
-0.0139843262486
1.46495842307
-0.00520785851081
1.47484278561
0.00894202586613
1.48458731933
-0.0111210419363
1.50500432407
0.00692259223875
1.50856090868
-0.00611227579153
1.51491691228
0.00747246129534
1.51855556424
0.00663197170845
1.53381090805
-0.00167628116567
1.55015201666
-0.00163821152999
1.56114614505
-0.00123003949445
1.57205501602
-0.00182955884444
1.58080753528
-0.00243989387221
1.58512534781
-0.0037237994914
1.58388347762
0.0201570286804
1.59001013628
-0.0044880429966
1.59399528293
-0.0112903953954
1.60606129196
-0.0232998752081
1.61953864928
0.00467539910278
1.62425163148
-0.00150079626111
1.63357975212
0.0188709273686
1.63782183546
-0.00999826965449
1.64139205585
-0.0110029295627
1.64180898257
0.00182015158606
1.64183858453
0.00473901256935
1.64842708615
0.0116955815532
1.66593332968
-0.000267599238669
1.67591539711
-0.000937302686951
1.6905332463
-0.000233153310386
1.70013496366
-0.0163036021461
1.7048298408
-0.0126049609763
1.70863099793
-0.00218226161162
1.71707785389
0.000865850764664
1.72250814278
-0.000209021535811
1.72098429572
-0.00969450836637
1.71752100919
-0.0100714783494
1.73156594917
0.00342159553636
1.74296772475
-0.00610424901472
1.75516106788
0.00142039672549
1.76739531934
-0.0149313976833
1.77731351962
0.00215091071034
1.78253684169
0.0229220007549
1.78557209918
0.023838983926
1.78818696634
-0.0199176223333
1.7895003485
-0.00230558307841
1.79180033093
-0.00238054540432
1.79419059816
-0.00242226274724
1.79716581352
-0.00264119133649
1.80352786
-0.00277394978685
1.80667908287
0.00287423790761
1.81993167222
0.00280067985755
1.84496354858
0.0110037415922
1.84932313639
0.00207181657479
1.85438775458
0.0152650217505
1.85612166307
0.00620479712706
1.85910428854
-0.00493768000418
1.86149723641
0.00743326769595
1.87125385694
-0.0059370842396
1.87606584914
0.00759065558717
1.88891783171
-0.0170727083526
1.89203768087
0.00782662606342
1.89659062826
0.000529749305214
1.90595392918
-0.00234990515144
1.9150244019
-0.00206296242837
1.92066302371
0.00444272399505
1.93028538659
0.00443160574516
1.93760801475
0.000933081131264
1.95259000503
-0.000615393239378
1.95733493191
-0.00364997730422
1.96458165462
-0.00457978443702
1.97540936047
0.00311539523237
1.98875210253
0.0167513461443
1.98866662372
0.0108778632223
1.99137042017
0.00861365272926
1.98913044858
0.0214994510899
1.98974828674
-0.00362217502058
2.00146383887
-0.00102890670107
2.01698867232
0.0079098317969
2.02791553623
0.001439039116
2.03442308455
0.00465249256684
2.05539077318
-1.98687627677e-05
2.05562525612
-0.0109232758583
2.06265685928
-0.00176964390602
2.06731346481
-0.00273323542178
2.07522200512
0.00191463136064
2.0804736886
0.0190279965946
2.08005691604
0.00688503735651
2.09084789108
0.00129316720611
2.10447297583
0.00100989978023
2.11687082739
0.0116540607044
2.12075648916
-0.000814312747277
2.12324749526
0.0173129996359
2.13084395504
0.00841603947784
2.13480518961
0.00410836323786
2.13531672238
0.00125305763117
2.1411639058
-0.00391382586749
2.14835113719
-0.0055186262506
2.16008081032
0.00982632412719
2.17696416401
-0.012952443938
2.18261230828
-0.0138211721492
2.19705014353
-0.00538740133112
2.20600507611
-0.00556139345103
2.22450836707
0.00379735601136
2.22609485275
0.0268449099396
2.22386946674
0.00204453621035
2.22604377393
-0.00168947579032
2.23106375792
-0.000949796417155
2.25884958534
0.00121764653487
2.27362624613
0.00343457645409
2.29246900771
-0.0129430909254
2.30656645152
-0.0134831012965
2.31869169423
0.0107373450081
2.31684918784
-0.0169701451387
2.31923965854
0.00262942144638
2.32619199912
0.0215465045679
2.32853847286
1.18977198671e-05
2.33077970042
-0.00236899456448
2.337470333
-0.0089664340616
2.3492235201
0.00246054178162
2.35969255504
0.0075837032282
2.3778956646
-0.00832497070091
2.39145812748
0.00555928822441
2.40014319502
-0.00181740829881
2.39984332989
0.00325408990902
2.40470259859
0.0127609856028
2.41306165301
0.00312295321338
2.42032913907
0.0113603368597
2.42804493461
0.0161930733552
2.4281471424
-0.00212897534348
2.42538755166
-0.00177565824279
2.44392946944
0.00213331440877
2.46222429107
2.73833598611e-05
2.47282277676
0.0101290096272
2.48543106892
-0.000416677975486
2.50629252011
0.00198155857945
2.51273894305
0.00490178751647
2.52345585997
-0.00651286669189
2.52884936605
0.0166997138672
2.52945752399
0.0136776357137
2.53483979129
-0.00528885088552
2.54272763421
0.00180541427764
2.54694014138
-0.00915668969879
2.54856494096
0.00416439715359
2.56307930128
0.000520056989576
2.56753560385
-0.00591819258288
2.57565174173
-0.000544926252752
2.58202321762
0.0133270653272
2.58755134315
-0.00812419754144
2.60440742546
0.00390578753739
2.60884220705
0.0185050928457
2.62258659859
0.00300527551017
2.63300868096
0.00874664857404
2.65033749647
-0.00598497926888
2.66159529579
-0.001244885103
2.68073863717
-0.00377782376903
2.68853382427
0.0133830616794
2.70086327178
-0.0190036375888
2.70383804905
-0.0146218900729
2.70860220452
-0.0075972017808
2.71357369119
-0.00306818215512
2.72368595927
0.00584774320971
2.72175587469
-0.0152741136619
2.73477878087
-0.00537986564635
2.73872916516
0.0122317905263
2.73605697441
0.0033871342702
2.73970933344
0.0054031154325
2.74889079467
0.00109749357802
2.76384642129
0.00142336450001
2.77778358038
-0.0164114298214
2.78588980051
-0.0171664593597
2.80345179968
0.00972651943594
2.82522542465
-0.00295956085821
2.83341359721
0.00698019034235
2.83680354295
-0.0151047182025
2.83398049349
0.0203691395241
2.84468926885
-0.00631862473327
2.85784535711
-0.000175951757891
2.87587569425
-0.00498782006182
2.88712612004
0.00526981395404
2.90137049428
-0.00658236940485
2.90521098905
-0.00401587992026
2.9194945552
0.000211438749774
2.9218408314
-0.0274236479771
2.93728125116
-0.00189805606482
2.94568672935
0.00703478099686
2.95924553359
0.01157813974
2.96827371137
-0.00604931605591
2.97753086112
-0.0122449946462
2.98827786265
0.00976819753292
2.99712944278
-0.00641453090906
3.01523089218
0.0190208972609
3.02438832943
-0.000815726968014
3.04184159781
0.00228005613757
3.05798537671
0.0118646474258
3.06269820084
-0.0150007369946
3.0777232192
-0.00509675808498
3.0869950597
-0.0162853708514
3.10833367214
-0.000123654741267
3.11808767357
-2.75698440826e-05
3.12414727502
4.32505954833e-05
3.13461920592
-0.00604866021178
3.15448529765
-0.00636803498988
3.17483616727
-0.0157966634708
3.18367567687
0.00753907709829
3.18932889745
-0.00501143422899
3.18817604378
0.00722191976707
3.19826694081
-0.0155574826661
3.20371348632
-0.0168935171438
3.22799601353
0.00540812969265
3.23480752858
0.00464165835647
3.25119924548
0.00177205773181
3.2570704674
0.00749330005146
3.26882782339
-0.00400463933015
3.29008906431
-0.00702718706116
3.29323167718
-0.00225563310543
3.305131246
0.0029671392929
3.32172959245
0.00689615424401
3.34602504978
-0.00628319172226
3.36504694781
0.000790460815767
3.37727165705
-0.0129501201942
3.39304050038
-0.0162608263836
3.40476882007
-0.00271627691462
3.41083711154
-0.0288791191989
3.4271320243
-0.0180108194892
3.44629722444
-0.00398999971492
3.46820932109
0.0053258120792
3.47611846905
-0.0144961156271
3.50149675357
-0.00217582146768
3.51516471451
-0.00604727007849
3.52772000901
-0.00492604853299
3.53905862968
0.0109682283698
3.54285542661
0.00341812965403
3.55218049591
0.0110009295728
3.56098593657
-2.38341274368e-05
3.58315405521
-0.00343254934688
3.59426386418
-0.0027129599367
3.59804133043
-0.00616313173808
3.62461305724
0.00414900246106
3.65967576688
0.00901807090599
3.6752113501
-0.0191611067802
3.70090753273
0.000137507896621
3.71413643058
0.00721529163019
3.72841942365
-0.00378973832811
3.74229204469
0.0156241452472
3.75460471694
-0.00628715873864
3.76809890609
-0.0169921427265
3.78678932261
-0.00513478823225
3.80357987215
0.0029338924369
3.81883886846
0.00305469357559
3.83094366136
0.000232288432889
3.83707077768
0.0085595101293
3.84730996495
-0.0171839050261
3.86783355641
-0.000692646572985
3.89052870095
0.00703780936173
3.91715465634
-0.0246523246152
3.93352588192
0.0012930809267
3.95688917881
0.0191636984492
3.96776652753
-0.00314295251491
3.97868339045
0.0204081787725
3.98160687381
0.00326501911894
4.01088105778
-0.000463986702162
4.02803825994
-0.00121708007255
4.04074703347
-0.0206344821743
4.06825741167
0.00089096329692
4.07678004578
0.0103861757158
4.08828713682
0.0121020404643
4.1022432884
-0.00600176732956
4.12747030324
-0.00658965802332
4.15540260142
-0.00468461039119
4.16519248332
8.99777179938e-05
4.16664521283
-0.0134456789495
4.18783618241
-0.0182420867541
4.20679446419
0.00157498618231
4.23438066927
-0.00730221240639
4.27843029319
-0.000880561561667
4.28224899615
0.00379879669472
4.29914938184
0.00929690032681
4.32037326236
-0.00627293968284
4.32855201924
0.00399784664861
4.32857691497
0.00393657665573
4.32983291411
-0.000277419879411
4.34594245141
-0.00440940760441
4.38044380657
0.0132956897219
4.40197816387
-0.00718129944112
4.41403018016
0.00284833853943
4.44247164143
0.00129207233543
4.44636347859
-0.00295270416089
4.45267400733
0.00261059997823
4.50619107596
-0.0069451420107
4.51364152411
-0.000119790024063
4.53110824387
-0.00685891361825
4.57707797561
0.000333004084034
4.58442074751
-0.029155989917
4.6265796765
-0.0200876434669
4.68311224087
0.00193684424364
4.7117161681
0.0129491379866
4.74180280644
-0.00711342923191
4.74264551227
-0.012018019737
4.74183594301
-0.00359422098451
4.73815165712
-0.00107249654899
4.7376195837
0.00367424143572
4.75010813845
-0.00208474197942
4.75738995776
-0.000274823400009
4.76465355547
-0.00293388258998
4.77488840418
0.00404530915037
4.80605624209
-0.0207228475453
4.83742750333
-0.000942993959715
4.85905824703
0.000672931524887
4.8636591792
0.000502639084209
4.88184179235
-0.00246791178289
4.9190992135
0.00112019377968
4.93644856692
-0.0387905302165
4.97460490324
0.00471520159782
4.9919654514
-0.00147600019255
5.01703615494
0.000459991145446
5.04819041849
-0.00442059649366
5.059487129
-0.00159455502473
5.07080525359
-0.00361611733804
5.07888994145
0.00386260166578
5.09059406857
0.00439854430972
5.09370244854
-0.00130916635467
5.09964869214
-0.00419818212203
5.12434736338
0.00335175883902
5.12800530067
0.00299601909836
5.15600711494
-0.000122958026947
5.18851252601
-0.0148148212504
5.19692364468
0.00194424106116
5.20719955472
0.0328683435167
5.24229572073
-0.00456542488011
5.25579235307
0.00855919564127
5.2602791225
0.0061071063702
5.29182416084
-0.00200411932625
5.32196278479
-0.00117566748908
5.32615942198
0.00505972821415
5.32904288001
-0.00350288722117
5.34003532318
0.00461667545561
5.33623677455
-0.000157061956142
5.33874804009
-0.00976514015303
5.34850895358
0.0164538287528
5.3563515754
-0.00101646832106
5.35919135659
-0.0026184818525
5.36545207196
-0.0147922694403
5.38154594629
-0.00351225580426
5.40625301712
0.00083446295734
5.42701218255
0.000384407690155
5.45635274837
-0.00566783618638
5.49080929248
0.00170316036471
5.51000466468
-0.0041946723917
5.53112389716
0.0103607955604
5.54254629523
-0.00214106953596
5.54283297408
0.00332103724923
5.54619736703
0.000540280677158
5.54747510248
-0.00220602373786
5.55226314525
-0.00237919010377
5.55511748051
5.21753121176e-05
5.55643569374
0.00365680287038
5.5658692313
0.00443781999431
5.58358219066
-0.00344043990216
5.61585367775
0.00959655118257
5.64060664284
0.00189634748302
5.65689116742
-0.00496736135612
5.68272405778
-0.00372075645767
5.70729348798
-0.00816263997088
5.7223887338
-0.00545353155576
5.74592971996
-0.00256331494704
5.77232382794
0.0129870196836
5.7911993561
0.00563851851897
5.813793368
0.0117912860974
5.82329834639
0.0120611781747
5.83739038202
0.0367744359987
5.86039598598
-0.044246014489
5.88388555852
-0.010948865871
5.97112464561
0.00533785420831
5.99612853468
-0.00928295558469
6.00415179658
0.00186055128323
6.00187343824
0.00237493476875
5.99642962876
0.00177899189584
5.99460863215
-0.00700271252076
6.00037597236
0.00559552942516
6.01129139898
-0.0163298912292
6.01474586677
-0.00266436666397
6.02281497483
-0.00525046745709
6.01617209386
0.00016543311819
6.01507581466
-0.00865012769978
6.02632982802
0.000964421455532
6.02501660085
-0.00763870239692
6.03997181586
-0.0249426705574
6.07253012892
-0.00297137507799
6.08273555458
-0.00614704085633
6.09938809171
-0.000616971929787
6.09735492379
0.0112993191271
6.09385426492
-0.00764325572475
6.09653816822
-0.00971707296679
6.10022238484
0.0105498195989
6.09567826366
0.00298176260597
6.09120703967
-0.00131770881032
6.11459898962
0.00205139312655
6.11510941753
-0.00288544246282
6.13389316241
0.00563029593341
6.14324234751
-0.0136219544681
6.15679231619
0.005482222168
6.16894984172
0.0113100864034
6.1834862454
-0.0174638429571
6.19751428717
-0.00974019360788
6.2124434822
-0.016584031884
6.22755485344
0.00621390792489
6.24895706486
-0.0105023522868
6.25414896779
0.029845712026
6.25540802103
0.000685907901453
6.25537950652
-0.00739947109796
6.2612266349
0.000886308347985
6.26238815122
0.00180786237138
6.25426957667
-0.00938170969492
6.26563558145
-0.00084115019629
6.25840744911
-0.00630003910278
6.27023999105
0.00469136299227
6.28641408525
-0.0150395624886
6.29053786778
0.0109038365257
6.29525768004
-0.00408515327367
6.3065195838
-0.00322639464978
6.3092171518
0.00314640883
6.31207124481
-0.00868937101132
6.30426280285
-0.0118006674711
6.30493414724
0.013277897299
6.29138688884
0.01198184867
6.29944898435
-0.0240549860419
6.32032130615
0.00157601655385
6.34037950064
-0.0154841976693
6.36105789578
-0.00252573896594
6.36337312775
-0.00248193897507
6.36250494793
0.000753458660041
6.35503599234
-0.00409528900847
6.36357158329
0.000819374673947
6.36786900652
0.000919271495311
6.37752730739
-0.0137212143711
6.38527736424
0.00181604755657
6.38894767527
0.000326216644964
6.39036077075
8.80302352246e-05
6.37500247764
0.000222056374917
6.38552572256
0.00919471035823
6.39121525917
-0.0125292976958
6.40157868329
-0.00133475702859
6.40116554134
-0.0044318635253
6.39047740952
-0.00253676017621
6.39797155687
0.0212471684524
6.40351980767
0.00951963572492
6.40722851075
0.00284887863238
6.40799220679
-0.0419359864231
6.42315628932
-0.00671279105391
6.42733324732
0.0109713375083
6.4370253125
-0.0119024028676
6.44001761976
-0.00199554905801
6.45228038788
-0.018870800814
6.44501798764
0.00079240758081
6.43057090852
0.00133301810407
6.42535814039
-0.0181690814492
6.4156149405
0.00958367573249
6.40580928456
0.00128606729026
6.41152185281
-0.00287533805105
6.40801351277
0.002495206809
6.40598890529
-0.0149874560146
6.40404013466
0.00430952836219
6.3897736367
-0.00718646278631
6.38492237409
-0.00366386905535
6.36809301406
-0.00203657415887
6.36285216321
0.0133287400673
6.35728513297
-0.0232007821239
6.34842881636
-0.0015938349417
6.33788677404
-0.00318509041139
6.32571839685
-0.00390419172416
6.32412268537
-0.000940111843911
6.32212737816
0.0116844892962
6.32276183761
0.00327216249847
6.31867547368
0.00837152888069
6.31593235412
-0.0122855168833
6.3310248392
0.0319254978092
6.32864722875
-0.0011017832691
6.32120441623
-0.002808288814
6.30717227663
0.0121758081177
6.30282479411
0.0104386491049
6.30146443575
0.0290539340831
6.30558318492
0.0369056451984
6.29446440721
0.0281038723217
6.29164376341
0.0107065020223
6.2790764842
-0.0021567944425
6.27328302824
-0.0364551764194
6.26647379044
0.0107527900127
6.26138846906
-5.67939079963e-05
6.24835102313
-0.0337952358791
6.24022383974
0.00124003664097
6.23245807479
0.0126899240878
6.22860054471
0.0133708344449
6.22713914651
-0.0270424231201
6.22378422295
0.00768555171586
6.223680721
0.0090283349033
6.21974176748
-0.00224440902727
6.21814348471
-0.00772807479965
6.21471572132
0.00182540238554
6.20227295446
-0.0200953723933
6.19399199162
-0.00576606830721
6.1961461677
0.00931370282695
6.19576398289
0.0257838085814
6.19832294826
-0.0230909355085
6.19350305635
-0.0212926713634
6.19261624084
-0.0407799466889
6.18201529564
0.00296033902752
6.17973719418
-0.0128900371103
6.17261476043
0.0142773194358
6.17094061167
0.00591213358031
6.16260733926
0.0291341164537
6.1475071075
-0.0212417626156
6.13889253785
-0.00853132289315
6.12375936473
0.0102999008211
6.1168504059
0.0027729106306
6.11377690065
0.0133886979085
6.09697245215
0.0254026735332
6.07627010568
-0.0231094760634
6.06646874448
-0.00333830645163
6.05475222927
-0.0115161055085
6.03762831956
-0.0342181588545
6.02869174295
0.026410488605
6.02869174295
0.026410488605
6.01603157134
-0.022628426081
5.99809840209
-0.0448414375107
5.99809840209
-0.0448414375107
5.97105222331
0.0271899161101
5.95298055478
-0.00077590202557
5.95037471593
-0.00660817747322
5.93986170895
0.00377968789811
5.93375542791
-0.0366282819753
5.91089128307
0.0123292961377
5.90558569899
-0.00911435793846
5.900488707
0.0247374007165
5.87696963211
-0.0150540306923
5.88449634592
0.00133507920946
5.85638951036
-0.0263007519566
5.83672536193
0.0251128558742
5.82680806714
0.00260759938883
5.81890917104
0.00650424063261
5.81408802478
-0.0137478636303
5.79772422419
0.0114414596199
5.78835359231
-0.0150135740656
5.78310425335
0.00928696701105
5.77156633636
-0.0289224018737
5.75173437713
-0.0156370323513
5.74460331025
-0.00557865442146
5.71870213614
-0.00543103892507
5.71881235814
0.00257648685882
5.69578812488
-0.00195787470548
5.67784387826
-0.00314758917279
5.66152423079
0.0132705112638
5.64732329513
0.0257133353105
5.62032807096
-0.028707230041
5.6005131072
0.00696631195288
5.57218307633
0.0126081548768
5.56221476104
0.00328179753437
5.54546625682
-0.00398055597951
5.51778907837
-0.00373427330069
5.5143326643
0.0320760809968
5.48513025231
-0.0147894453606
5.4579485551
0.00365842951057
5.41707161908
-0.0132704511697
5.40874602651
-0.00647190505643
5.39987974557
-0.00660072640449
5.40166016361
0.00959579108877
5.3806782461
0.000734515547918
5.38140862991
-0.00204227836563
5.34613110022
0.00222081081295
5.32481186647
0.001698057804
5.30702926295
-0.000236355941759
5.2770693885
0.0273636822822
5.27068523557
-0.00565463938366
5.25513621394
0.0244720875289
5.24436593602
0.00399506102219
5.21506474075
-0.00838782519572
5.19188225715
0.00337204861478
5.17720572692
0.00113606364711
5.15076758631
-0.0192166225173
5.13550675017
0.00206618263131
5.11708275219
-0.0355357959076
5.1015105851
0.0152683497189
5.07465525761
-1.12582185537e-06
5.04621666288
0.00155369445355
5.03751581067
0.00449577882151
5.02269950172
0.00122868985342
5.01381827312
0.00338486992597
4.99572736794
-0.00135805805394
4.9777198928
-0.0140341233622
4.96584441005
-0.0199745829676
4.95648722604
0.000885767915175
4.94614048916
0.0132444605432
4.93212570973
-0.0108134420655
4.92848683815
0.00246961198776
4.90999217709
-0.0115912899096
4.89959959492
-0.000387808859517
4.88794314535
-0.0142347754065
4.87645612056
-0.0127737922929
4.84013430194
0.00455864742032
4.82984694663
-0.0105625167547
4.81449370143
0.0238027876961
4.80674040538
-0.0104761618998
4.78892625892
0.0227192375028
4.77949286401
-0.0065869883923
4.75701324959
-0.00417179732671
4.75070408009
0.00153099705026
4.74401885807
-0.0281003452615
4.73873636216
0.00107442644918
4.72367420609
-0.00922239299136
4.69865608899
-0.010858894559
4.68993206237
0.0235032920299
4.68349791089
-0.00358502685514
4.6625229749
0.0011316004083
4.65024415912
0.00106934016826
4.62319461799
-0.00347896110573
4.6055922586
0.024078493035
4.58534965044
-0.0185877472039
4.58605062208
-0.0111212531767
4.57454039112
0.0096682675095
4.56964831486
-0.00479622226167
4.55498409549
-0.00993509491104
4.54256765325
0.00334632579394
4.53121209031
0.0015144005881
4.53122618828
0.0286538313561
4.51989665912
0.00160104307771
4.5162296201
-0.00828664383522
4.51420679559
-0.00603853236199
4.49912999059
-0.00276197750634
4.49033463708
0.0134522177977
4.47141315508
-0.00339276594158
4.4509831218
0.00173884774009
4.4254528481
-0.0234913684172
4.40732464228
0.00296575472318
4.39783840316
-0.0102225357437
4.38305701227
-0.0104252219489
4.36578883082
-0.00691512277237
4.34930118583
-0.0234420037064
4.32838435922
0.0028955648624
4.27941724811
0.000782477231436
4.25979248728
0.0224358431807
4.24631670892
0.00280949325963
4.24211110357
-0.000730591999124
4.23737726092
-0.0152677455736
4.22316361867
5.5757748334e-06
4.22276441014
-0.020847254565
4.20746484078
0.00205725519831
4.19317232637
-0.0098845848153
4.16492093009
-0.00996726426855
4.14678416738
-0.0055430160381
4.11150463811
-0.0134199695393
4.09624554205
0.00923015847121
4.07507972392
0.00449105303069
4.05822860957
-0.00448980880859
4.05166382451
0.00325274756453
4.04450120866
0.00140977378428
4.0208523587
0.0147166882226
4.01165061697
0.00157056145385
3.99023698717
-0.00745221100678
3.98147799368
-0.0072517936984
3.96799744989
-0.00511235103234
3.9549797291
0.0123519051529
3.94796501626
0.0225365142227
3.94036720547
-0.00988794212515
3.92620633805
-0.00517015782342
3.9047313081
0.00352258752286
3.88296639579
0.0185774616211
3.87042657049
0.000801028515618
3.85763711775
0.00389353142585
3.84303620118
-0.00342340050255
3.83901830369
-0.0148686971261
3.8338610328
0.00114532532
3.81729116021
0.0201321237792
3.80754564285
-0.00494012667559
3.79702597302
-0.0197938844893
3.78879842153
0.000571913449797
3.80467882052
-5.41346541811e-05
3.75905052772
-0.00912083413073
3.74316776901
-0.00641947220767
3.7322506932
0.0012514856994
3.70588396834
-0.0225251897157
3.68691617169
0.0118799706207
3.67115609669
-0.0188999500234
3.65214236041
0.00424768505231
3.64707186635
-0.00400150012152
3.6410238658
0.00301418103107
3.62376720302
-0.0161186345631
3.61498799658
0.0147557450173
3.60811212038
0.000495191477232
3.58385089244
0.0121747122332
3.57383385687
0.00181653219285
3.55088771216
-0.0116165153811
3.5426157648
0.0169137440713
3.5277106995
0.0204368710965
3.52191649515
-0.00262849460533
3.52099826259
-0.00652162364145
3.50384089591
-0.00354756464693
3.48755627955
-0.00985105489793
3.47318028572
0.0033466436576
3.46689621754
-0.000315144999881
3.45367463926
-0.00767182145823
3.44606779526
-0.00344711730348
3.42459298003
0.000983794436385
3.41347238874
-0.000572968331148
3.39259942882
0.00337977561131
3.38065002112
0.00880764353822
3.37384025514
0.00116818799052
3.3631419557
0.00107429629768
3.35076578786
-0.00635439857411
3.32829583998
0.010215228752
3.31435806615
-0.00268400744902
3.29919626614
-0.019652259404
3.28058494764
-0.0195729454321
3.2700232701
0.0150634098092
3.25012714921
0.00405873535504
3.24435534284
0.00321524204056
3.23279935396
0.00871522102005
3.21853536232
-0.00367084258508
3.20626842277
-0.00293755659764
3.20274206669
0.00973545008098
3.19388113726
0.0158499601685
3.18188987637
0.00323740847414
3.1716603347
0.00512964961867
3.17098545477
-0.00471032967959
3.16036387926
0.0181183905931
3.1370593785
0.00186048303386
3.12831855062
0.00122408054891
3.12191044104
0.0282360574975
3.11631837126
-0.00536043333331
3.11013489045
-0.000346134591168
3.12105180586
0.00158987946961
3.11893226794
-0.00503371743487
3.10459697082
-0.00582997905714
3.09089678868
0.0176210162692
3.0818770892
0.0172191214197
3.06871985181
0.0182512415183
3.07111983583
-0.00507707646788
3.06230087209
-0.00370278528737
3.06273733574
-0.0092315615401
3.06232901386
-0.00490849114285
3.05501808757
-0.00623994220365
3.04640347879
-0.00683162229465
3.04704552323
-0.00406967978437
3.04794690645
-0.00513594668297
3.0390814075
0.0154848385952
3.03705782816
-0.0200391365086
3.0309690025
-0.0147485341909
3.02912976757
-0.0126983294334
3.0246328551
0.00192385963858
3.01792412629
0.00953568830902
3.01187798532
-0.00651063586843
3.00289329423
-0.00353435201782
3.00310490185
-0.0329057444488
2.99961183955
0.012625977738
2.99592517936
-0.00531870484459
2.99041233265
-0.0134285204214
2.98716231752
-0.0249895312453
2.98472226138
0.0190997529458
2.98586590298
-0.00230252035131
2.982637824
-0.0162270880131
2.98035611916
0.00495569550588
2.97322328974
-0.030616314444
2.97375547486
-0.0250772915467
2.97213834946
-0.00428616869342
2.97026614036
-0.0046781143342
2.96952977541
0.00635806200107
2.96693834981
0.0204663779924
2.96837720979
-0.011344437031
2.96723601391
0.00820908268028
2.96323105484
0.00917991403176
2.95912436523
0.00379308813389
2.96330931775
-0.0275619551053
2.96129621756
0.00969687889144
2.9545679019
0.0153106080572
2.94995841905
-0.022794496484
2.95329748476
0.0234624805911
2.95196108989
0.017843996544
2.9516312277
0.0272819527085
2.95022773347
-0.00606764546323
2.95172692631
-0.00412788115825
2.95178000725
-0.00579963451207
2.9466736895
-0.0381934415057
2.94611291159
0.0305594832748
2.94759803846
-0.0153361549812
2.94327404741
-0.00352907297298
2.94157483941
-0.00951427832817
2.94531230072
0.00187052512784
2.9477248843
-0.0135175869152
2.94654798515
-0.0191612464818
2.94323931408
0.0199915948166
2.94627826882
-0.0123642293441
2.94072973222
-0.0113920495742
2.93799587001
0.0357821245654
2.93783068118
0.0213179062193
2.94198560052
-0.024208816187
2.94413584008
0.0309292988335
2.94690679455
-0.00950414021494
2.94635936124
-0.0113667810915
2.94366152442
0.0337923002379
2.95072877419
-0.0246171743864
2.95247706458
0.0305685600251
2.94979068737
-0.00217287989247
2.95158264703
-0.00465948743144
2.95534706636
-0.00174738088338
2.95582017571
0.00666987317121
2.96021498397
0.00228778761553
2.96100682207
-0.00273602642033
2.96109135295
0.00271367257378
2.96185984807
0.00275821913307
2.96297841842
-0.00223219007901
2.96514830773
-0.00269808366742
2.97063736742
0.00238520550025
2.97489494001
-0.00677028883637
2.97619324713
0.00604670087351
2.97712959278
-0.0129966432455
2.97935127186
-0.00553020245412
2.9785133356
0.00161734294696
2.97776526125
-0.0124590617619
2.98581557891
-0.0051886909072
2.98899047774
-0.00833077215461
2.99815944669
-0.00615387550721
3.00012311209
0.0122788191693
2.99848758795
-0.0123569049621
2.9976918746
-0.0118999568275
3.00126056553
0.00769348066236
3.00050482458
-0.0239267091871
3.00183561392
-0.0168987561702
3.00698757686
-0.00321571264844
3.01427583067
0.00307515925939
3.02361453244
0.0175627159803
3.02565871925
-0.0077973438678
3.03041867329
0.015488994865
3.03298752731
-0.00515141863888
3.03415093473
0.0197458655988
3.03765870264
-0.0169953498007
3.03693006267
0.00402774407925
3.04790499702
0.00334792454517
3.05128363487
0.00501990744791
3.0646095011
0.0035588250912
3.06613669039
-0.0232920245121
3.06557073505
-0.0279970021304
3.06634735753
0.0238389950518
3.06728050294
-0.00709773884726
3.07587080992
0.00044539741646
3.08933395863
0.00528376715582
3.09758473661
0.00694439445014
3.10685742635
0.000116041810346
3.11217789049
0.00508342655601
3.11656610508
-0.00538375116583
3.12465868557
0.0266779160382
3.12797036654
0.00720877454787
3.13247416274
-0.0152824069215
3.13524239535
-0.00273922056502
3.1365795144
-0.00112547809998
3.13868583086
-0.00259663505899
3.14344206312
0.00119466157997
3.15240568039
9.50743198333e-05
3.16119486425
-0.00985726381123
3.16714716218
0.017923985486
3.16955844301
-0.00247672593018
3.17505975267
-0.00652470035547
3.18132039123
-0.00480716745294
3.18905216614
0.00368908397173
3.19567274206
-0.0023463927259
3.19971791574
-0.0031084183442
3.20652703336
0.000832680706448
3.2138351101
-0.00227142896502
3.22147330043
0.00574833181092
3.2320838819
-0.000582271299037
3.23426050149
-8.70139563243e-05
3.23985947501
-0.00207942272266
3.23809448628
-0.0173576923499
3.24522794262
-0.00167092779706
3.25037153875
-0.000346594200609
3.25734534638
0.0108833817791
3.26092873078
6.76840475015e-05
3.27553502763
-0.0257174610541
3.28747274463
0.0143704602634
3.28392809522
0.00536724066226
3.29270709991
-0.000159563970121
3.30535018781
0.000105590350691
3.30455651125
0.00266800916877
3.31026076807
0.00503140357395
3.31778916218
0.0045710998191
3.32944488748
-0.0027298032195
3.33966803472
0.0126021598149
3.34607766206
0.0149375255965
3.35420296167
-0.0114116030964
3.36019030948
0.016875574532
3.36548615162
-0.00545843991367
3.36957794106
-0.00313679690563
3.37588005924
0.00793743449024
3.38450254947
-0.00245003999694
3.39200218317
-0.00966605731559
3.39716917219
0.0017089787563
3.39716917219
0.0017089787563
3.41019514179
0.000648473540377
3.41763150578
0.00444996789121
3.42663068812
0.00556787007235
3.43679955931
0.0071499647947
3.44211503923
-0.0162811142682
3.4440222408
0.00163661200171
3.4503103566
0.00535980007446
3.45527482998
0.00565431625982
3.49918551424
-0.00657375664887
3.506890336
-0.0078729764631
3.51526943995
-0.00897016848712
3.52632666426
0.00195864885444
3.53664180928
-0.00579516960955
3.54017252244
0.00201151614284
3.53796931857
-0.00271387997511
3.5365509536
-0.00515302018843
3.54046044549
-0.0077980517773
3.55223424693
6.68174429836e-05
3.5591980279
-0.0117603028447
3.57729345954
0.00633752527792
3.60268429229
0.00173294865447
3.61617089935
0.0182919542488
3.62037633781
0.00553527800153
3.62300873168
-0.00800308100984
3.62567688649
-0.003918644732
3.6318504746
-0.00871393671156
3.64456673273
0.0199343061093
3.65422201296
0.00545066606952
3.66118781023
-8.28670696363e-05
3.66527480286
-0.00323019206737
3.68053608789
-0.000621826878237
3.69151611076
-0.0129430601476
3.69593598512
0.00258345004631
3.69473720869
0.00124592762066
3.71032937342
-0.00931111523411
3.73240318118
-0.00359254423843
3.73740698732
-0.0175488550006
3.75211377035
-0.00777373936505
3.76742533045
-0.00539436900207
3.7792937571
-0.00920397972763
3.78904554171
0.00447606962505
3.79593262889
-0.0124638187414
3.80609777106
0.0059686259468
3.807817141
0.00552667612059
3.81641350041
0.000674083104145
3.82939346301
-0.00012204741178
3.84416146726
0.000335721770533
3.85404575744
0.00713722204909
3.87258770176
-0.00129612462051
3.88720698515
-0.000871602532568
3.89188936563
0.00409611152903
3.89532356713
0.0210901538074
3.927368685
-0.000789415202358
3.93514352393
-0.00814018796381
3.93599246249
-0.0166451469244
3.96015803951
-0.000929839086572
3.97104956477
-0.0116560184917
3.9775178588
0.00265672623305
3.97803446277
-0.011140200903
3.99477085568
-0.00296360363655
3.99757933237
-0.00371142992993
4.00273648027
0.00137402780091
4.01826902986
0.00289556538408
4.025880607
-0.0176879758001
4.04666664946
5.2363807676e-05
4.0557076772
0.00438333941825
4.05795649844
0.0026951397588
4.07224644622
-0.0124364949938
4.09278621831
-0.000608172977989
4.11945438559
-0.000607747139193
4.13025461627
-0.0109763433654
4.15652055636
-0.000583313538667
4.17889462522
-0.0129288461309
4.18405293063
-0.00366753221088
4.18924946094
3.35373292113e-05
4.18878275885
-0.000439717946611
4.19289008914
-0.00491879995904
4.20462148269
0.00689450438573
4.21353942084
0.00379738271256
4.22850281704
0.000360641191252
4.22640553907
8.90126828739e-05
4.23781583836
-0.013818227109
4.26072832912
-0.0156061106173
4.27850791485
0.0132168544323
4.29402923473
0.0182389671518
4.30247090282
-0.00232975782904
4.32413892766
-0.0129696282244
4.34300729779
-0.00547997751543
4.36393866296
-0.00131625471669
4.3702406858
0.0273972070905
4.38750318951
-0.00930937375821
4.40276092236
-0.000565626426459
4.42976160138
-0.00142419136018
4.43472662197
0.0202089756998
4.44848554784
0.00585313519013
4.46714367784
-0.0082153800644
4.47303601498
0.00110530476508
4.47093490607
0.00218858803282
4.48677436896
0.00141532629698
4.49441238412
-0.00433682053412
4.49937070065
0.0238702976082
4.52270699326
-0.00814027045251
4.53800092423
-0.0147146208258
4.55748412814
0.00145917467054
4.57466326894
0.00143747845759
4.60274127182
-0.00451037435974
4.61515347078
-0.00352345130609
4.62972080553
0.00267643390571
4.6350604937
0.00342984588734
4.63627700648
-5.74361673561e-05
4.6417045693
-0.00404109646407
4.64335872303
-0.000168026292326
4.65029276611
-0.0137267563585
4.6508678697
0.00170915809769
4.648453977
-0.000434625656331
4.65485651534
-0.011145933771
4.6583239982
-0.0143435409542
4.69462624457
-0.000232482504074
4.72361304115
-0.00385863103704
4.73811371797
-0.0318831552791
4.75570810972
-0.0103074728365
4.78012172181
0.0162263008426
4.8114834978
-0.00243678687278
4.83154510272
-0.00439841854006
4.84638314858
0.003986170897
4.876491847
-0.00556382426175
4.89418157517
-0.000341817100259
4.89812417536
0.000349201870545
4.89851808419
0.000243170409203
4.90134603965
-0.0027426876632
4.90148232905
0.014427481581
4.91039187392
-0.00281341649224
4.90776033693
0.0003707319708
4.92739068781
-0.00140482610281
4.95707206949
0.00288818697281
4.97984979347
0.00468864140577
4.98965862425
0.00310536490631
4.99040765949
0.0474373006944
5.01460484042
0.0115287125672
5.02471210928
-0.000329307013613
5.04165235686
-0.00975177651199
5.05529113423
0.00472943137192
5.07443369095
-0.00245570835659
5.09314113402
0.00820747241409
5.11282806877
0.0017457491708
5.13265964393
0.00563954778817
5.14939394912
0.00718838715051
5.16038815257
-0.0231219913248
5.17573963665
0.0290630689576
5.19318970389
-0.00242137376578
5.20357976276
0.00645401327057
5.21407243783
-0.00155701758692
5.22131991076
-0.0221805070459
5.24367275069
0.00862901361625
5.25961854698
-0.00513940022684
5.27730412125
-0.0357800247287
5.27738698368
-0.00280210505483
5.2792022148
-0.000103904811206
5.27979078136
0.00351969214471
5.28580501471
-0.000841072751918
5.28676438746
-0.0110349313854
5.29053763046
0.00385558353721
5.29233608308
-0.011378880345
5.29474056652
-0.0100829563707
5.30833325856
0.00320257779602
5.30969884412
0.00134566406783
5.31347536771
-0.000269314864702
5.32884753912
-0.00119546391712
5.34540876643
-0.00387941090895
5.36284386348
-0.000728860122253
5.37638199924
-0.000821180164736
5.39555628741
-0.00786065764461
5.40149218646
0.00447137870411
5.40533558179
0.00463157061054
5.40837611087
-0.00206248270542
5.41458885549
-0.00129494625321
5.44832578449
-0.00108451595441
5.46261779139
0.0226192261614
5.47859291506
-0.000100461044123
5.49461363866
0.0104055883641
5.5028531418
-0.00249568002877
5.52625464568
0.00250959533803
5.53992523555
0.00319620776008
5.54531407513
-0.00310251180735
5.54792730607
-0.00165719051306
5.5495577985
0.000608543325304
5.55179123902
-0.000348141771503
5.56083621252
-0.0186102660751
5.56838664484
0.00233737919391
5.56056239519
-0.00117339618667
5.57246576926
0.0218049878755
5.58277041965
-0.00574556366132
5.59162528327
0.00326031538429
5.6050601561
-0.0104634705376
5.61251242852
-0.00358494154368
5.62592384241
0.0217951104026
5.64668158861
0.015628224098
5.67006910174
0.0101594758741
5.68827531462
-0.00257776959336
5.70692216659
-0.0187454015965
5.72882840433
-0.000634044387413
5.73868363049
-0.00349831061741
5.74676297423
0.0428956160935
5.78243053849
-0.0199924555196
5.79819277309
0.006885463098
5.79426812208
0.00867274893283
5.80975188636
0.0130111606404
5.8141270034
-0.00123911927676
5.80561800706
0.02414510102
5.8073600479
-0.00505205860703
5.82857961344
0.00247606807032
5.8388642925
-0.00571972128838
5.84085528916
0.00669784498012
5.86243140606
0.0311838962942
5.86822920523
0.0153326521968
5.89170278541
-0.00509046190215
5.91658769366
0.000398541125477
5.93687958525
-0.00414034665168
5.95062502225
-0.0100104044558
5.97270142391
0.00641070204667
5.99363821144
-0.00292248580748
6.00082777205
-0.0059286289459
6.00173200524
0.0133833086534
6.01268463978
0.00818795649735
6.04133077765
-0.000294292157088
6.05768419046
-0.001531170706
6.04421916404
0.00321304394022
6.04317588805
-0.00994295418259
6.06917899605
-0.00718338541365
6.09156700353
-0.00480658605343
6.10804279401
0.00985211501555
6.12733602098
0.00444656110788
6.14625001979
0.0147078317239
6.14403483463
0.00428760925
6.12839426137
-0.0120609683714
6.11371671117
-0.000533754997131
6.13140668974
0.00573674135305
6.15279748649
-0.00333034584994
6.16932382599
0.0337678398503
6.19050587055
-0.00253850064523
6.20809285229
-0.011734214903
6.2153571902
0.000591127053786
6.22322441355
-0.00294886574311
6.21739191928
-0.000979854889525
6.21137890196
-0.000207466843135
6.2265511827
0.012920710256
6.24642484766
-0.0123865450738
6.26330801169
-0.00384455683865
6.26330801169
-0.00384455683865
6.28873481843
-0.00346924394728
6.28873481843
-0.00346924394728
6.32077785081
-0.00874806710692
6.31929282692
0.00385491597904
6.33754023079
0.00703368631174
6.35135282813
-0.00141324282551
6.37389068833
-0.00411767383183
6.38027853783
0.0100992309898
6.39620569231
0.0124065480466
6.39954859949
-0.0118198542938
6.4018397321
-0.010192790819
6.40585421003
0.0285992808863
6.39998899071
-0.0030097882008
6.39589734952
-0.00241976161647
6.38944395765
-0.0132710049508
6.39694901093
0.0182965904956
6.4076965642
-0.00179109318291
6.41246054586
0.00749211457763
6.42137841961
0.00233219693753
6.41976088507
0.00796470472205
6.42413241306
5.54281516935e-05
6.42837290995
-0.00712085589346
6.41445158334
0.0119755367606
6.42062314184
0.0203622674845
6.42145037483
0.0151170494867
6.42145037483
0.0151170494867
6.41807740442
0.0160578320573
6.41807740442
0.0160578320573
6.42583906409
0.01814333393
6.42952957238
-0.00274515387209
6.42979691321
-0.0366766887053
6.43296455185
-0.00837957470227
6.42607211929
-0.00257953396219
6.41775313247
-0.0120176496713
6.42525513921
-0.00809162965689
6.40846425169
0.00665271182252
6.40212152417
-0.0274458886613
6.39287719664
0.0109363456869
6.3871453432
-6.91265887108e-06
6.39346003102
-0.00533925352386
6.3978692517
-0.00485552015965
6.39835304807
0.024972631717
6.38886413921
0.00182376589449
6.37936149759
0.01561905904
6.38593819616
-0.00320161247917
6.37940039574
0.00706289557625
6.37062936441
0.000129804933406
6.37439066408
0.0124191313707
6.37036059484
0.0160263916801
6.36448227747
0.0184272393335
6.36743509744
0.0110561254282
6.36642881264
-0.000399881869865
6.36329507567
0.000535740887759
6.35604930433
-0.0300632963092
6.34929909864
0.010096807441
6.34554283303
-0.00417935446592
6.33723461345
-0.00127151262441
6.32754336617
0.0180230157616
6.32232059177
-0.00340809531422
6.32021127399
-0.00288280983238
6.32118881728
-0.0132604364058
6.32257008177
0.0222005273459
6.31440785201
0.0147413114652
6.30791892257
-0.00596899847415
6.30219155319
0.00207111496432
6.29861025887
0.0374787741506
6.29171722368
-0.0248641161353
6.27882655055
-0.00174291935534
6.271406196
-0.00350865635822
6.26499974839
-0.000435843915095
6.25795545309
-0.0123731155197
6.2608713445
-0.0129438519399
6.25808463214
-0.00590571972776
6.25661545015
-0.00382919846241
6.25897096538
0.00244251518375
6.25680081369
0.0180455138404
6.25345440958
0.028154144771
6.24874874061
0.0171486227365
6.23702163306
-0.0111545454372
6.2290925637
0.00193469941365
6.23013726548
-0.00298616609164
6.22083778468
0.016755576574
6.21410227657
-0.00269329474734
6.21023908991
-0.0123026234547
6.20933245294
0.0277934400475
6.20768162129
0.0181420883228
6.21194484099
0.00679567855442
6.19457346322
-0.00630643843989
6.18522175271
-0.00136038526929
6.17268938959
0.0104846352834
6.16505932646
0.0115494131872
6.15522037473
-0.0134720306862
6.15200264782
0.0203586886168
6.15432147618
0.01069752619
6.15463872893
0.0171192703925
6.1483971276
-0.0014758080066
6.1421449298
-0.0110151313863
6.14474249785
0.0179235417326
6.13329477296
0.00944353771379
6.12557355525
0.017033862623
6.11020482876
0.0169981657461
6.10041794023
-0.0129431271541
6.09259026119
0.00139926833755
6.09334853985
-0.0262894280262
6.07869394229
-0.0109603622147
6.07497094776
0.0433249276457
6.06687971967
-0.0274010072182
6.05961287096
0.0104918248231
6.05071225621
0.00461878923366
6.04586703685
0.00562315097475
6.03440512702
-0.000461583544983
6.02502004182
0.0360601923852
6.02133195215
0.0124869104435
6.00463206251
0.0145050373522
5.99509264688
-0.0015266935978
5.98798590525
0.00679618642791
5.9717210856
0.0001775999919
5.96822205192
-0.0170119762705
5.96840511145
0.0114184718658
5.95548544725
0.00867390657319
5.93564250365
-0.00406572176326
5.93394005571
-0.00283088616302
5.93775909398
0.00235048896
5.92104910688
-0.00442964380184
5.87492670063
-0.00280515328315
5.86589130949
0.0163567000765
5.8482200009
-0.00156472123388
5.84701694162
0.000438025243031
5.84118047163
-0.00181955455216
5.82926139461
-0.0108268790663
5.80898986649
-0.00432844305683
5.78896260147
-0.0123916061052
5.76707958202
0.0133511292846
5.7470795231
0.00410419541519
5.74301782916
-0.0252040716557
5.73079430867
0.0177917129897
5.71537848268
-0.00248828464229
5.70214205144
0.00720468906848
5.67997113802
0.0441718859832
5.63828986649
-0.0130139304412
5.61353103986
0.0144662273167
5.6013171158
0.029307317821
5.56719806344
-0.000154182242312
5.55805508501
0.0176830344529
5.51753773864
0.0289207730259
5.51260203278
0.0125563092779
5.49705764812
-0.00121360997365
5.47341306709
-0.00435692032251
5.45734725736
-0.0126104051212
5.40854325208
-0.00219230858348
5.39367895425
-0.00205098726522
5.36387560585
-0.00388652282684
5.36375616901
0.0112535000919
5.3556139605
0.00297709052473
5.32542499047
0.0287440541395
5.30752396085
-0.0124541421443
5.28342130612
-0.0057609060473
5.26075215975
0.0132591420359
5.23533402035
0.0213778377567
5.21082661719
-0.0131779003736
5.19060728117
0.00424923960929
5.18745608722
0.00614595961773
5.15881180757
-0.0250349282816
5.13709455106
-0.00239390777115
5.13382191203
0.026776310271
5.12594391433
-0.00590056277484
5.11767555697
-0.0138691259178
5.10383697504
-0.000822394697329
5.0873026188
-0.000823340492369
5.07205182049
0.00321729746693
5.06451831651
-0.000703231550055
5.04218729107
0.0139858215279
5.03010612299
-0.0116449248197
5.0246603547
-0.0111303913383
5.00904027356
-0.0133213276775
4.99453672188
-0.00477490776353
4.98459024328
-0.02266188525
4.97810855509
0.0256168750034
4.96256226772
-0.00938900264793
4.93395377742
-0.0112901016519
4.92463068374
-0.000861226137308
4.90890937222
-0.0270643795819
4.89486893731
0.00709439783001
4.87730476051
0.000116382453618
4.8642575263
-0.00119549098229
4.84404505578
-0.0134017062915
4.83577697686
-0.00106434926955
4.81933845321
0.00560321608007
4.79973237586
0.00720693841502
4.77665941338
0.02200131233
4.75017257738
-0.000913918209789
4.7413514439
-0.00104989542343
4.72851549241
-0.00070893491088
4.72709891104
0.0107749217763
4.70017992455
0.0306344816511
4.69338809838
0.00424575494703
4.67642247572
0.0107083239904
4.65831304944
0.0238973796692
4.63987548048
-0.0103785980955
4.63485056078
0.0257548417158
4.60836726881
-0.00238260683603
4.58702228663
-0.00328481285931
4.57385246004
-0.00116076609422
4.55384420658
0.0292780418771
4.54647175953
0.000106849118053
4.5402064058
-7.36214366928e-05
4.54550412652
0.00572636020863
4.53063589931
-0.000224744899387
4.49501818689
0.00489501594134
4.48542751732
0.000313281436507
4.46148950513
-0.00261070593175
4.45048383636
-0.00220697614891
4.40786885389
0.00468703734227
4.37162618069
-0.00977374571839
4.35860287079
-0.0140286188242
4.34969192106
-0.000233066470579
4.33377197159
-0.0214917289293
4.30941359645
-0.00945166779142
4.30007704033
0.043854471944
4.26434894772
-0.00878155216339
4.25985363086
0.0383282509501
4.23330412064
-0.0210724849131
4.21862905354
-0.0193631734538
4.20217874255
0.00842622732835
4.17300437155
-0.00272934382992
4.1626561204
-0.000489056417397
4.14709024467
0.00647658063873
4.14889764595
9.52682621415e-05
4.14892259451
0.000437241995529
4.13528926162
2.77715864017e-05
4.12164377304
-0.000205391366224
4.11282733288
-5.4033936565e-05
4.12917315107
-0.0068727869802
4.11891976327
0.00737592627101
4.08534940676
-7.93721483679e-05
4.05599884901
-0.0126440560995
4.03248124966
0.00787052965009
3.99313299412
0.0033361891807
3.96577170478
-0.00190043524515
3.93754099054
-0.0121849442702
3.91732781023
-0.0122307230721
3.90589612018
6.72983345921e-05
3.89668328656
-0.000495796312546
3.89461605489
-1.08317296963e-05
3.89124371614
0.000486263581541
3.89740835414
-0.00100993291561
3.86898467422
-0.000568083123993
3.8369143059
0.00569088727206
3.80291087104
0.00517831062931
3.78034772891
0.00636771945128
3.75692449862
-0.0181867185447
3.73863716561
0.00491626476625
3.71321455247
0.0081951334902
3.70097724273
-0.00276410123008
3.68509826276
0.00309890622148
3.65982195998
0.00374178840936
3.6572599298
-0.000792731957011
3.65407037987
-0.000269010276121
3.63714878226
0.00316127337302
3.62647206389
0.0105857686958
3.60005824561
-0.000865008975787
3.59453179264
-0.00073660921795
3.58938349981
0.000390696231195
3.57949833935
-0.000426162963769
3.57156012319
-0.000440446105384
3.5613208625
-0.000374798827614
3.55007320348
-0.00105697764256
3.53444734762
0.00365085580637
3.51685918385
0.00628430425676
3.49541389769
-0.00325917349755
3.48190699581
-0.00272741211884
3.46573067638
0.0038014068657
3.44320827876
0.0187706749003
3.43573337205
0.014508647941
3.41659267558
0.00562506208099
3.40757411912
-0.00527745882367
3.40433589805
0.000740198865962
3.39763899064
0.000128741012141
3.37806519483
0.00190823901352
3.36329461657
0.000146387673094
3.33931578443
0.00544415313863
3.32950232137
-0.0185107606987
3.30697908063
0.014840732787
3.29548128733
0.000637847152354
3.27933711586
-0.016062068869
3.26413696121
-0.0179636636761
3.26080608489
-0.000887222926177
3.23607303273
0.00266886564413
3.22123361766
0.00728252959578
3.20608347522
0.000914187372299
3.19847062588
0.000621373932775
3.18228763288
0.00108710199911
3.14900524327
0.0051266034872
3.13980330901
-0.00153100938327
3.13266401099
1.50625973616e-05
3.12502255335
0.0189859640891
3.11045471142
0.00932283907074
3.09107338524
0.0322477131548
3.06618321406
-0.0104308945775
3.04566997643
0.00366066009306
3.0366264954
0.0121351395033
3.02335669654
0.0143941553336
3.01452477584
-0.0169129039981
3.00199775982
-0.00247443744647
2.99645792158
-0.000530864560434
2.98523861814
0.0108748928104
2.97581406051
0.0172596850753
2.97425768883
-0.0178462540322
2.96305776265
-0.00124718805539
2.95266287628
0.0146609892516
2.93229617236
-0.0159492225378
2.91972981067
0.00279620526996
2.90919113363
-0.0134216864561
2.89827389001
0.0133043403489
2.8922844505
0.00819149165978
2.87910169837
-0.0102934167401
2.86697828134
0.00315819960997
2.85751900333
-0.0295539670438
2.83749700261
-0.00337286852174
2.83067190257
0.00378544067607
2.82146695065
-0.0129507574575
2.8130269073
0.00187103660419
2.80960428737
-0.00158820821131
2.80091918336
0.0125426169455
2.79612949542
0.0052963980938
2.78401694908
0.000413214636702
2.78395339041
-0.00108340455647
2.78792944849
-0.0021699340333
2.783394873
-0.000742335674537
2.76568677211
-0.000725277978655
2.76170146377
-0.000287203294264
2.74185895478
-0.0021239937004
2.72411385576
0.00803575338743
2.71303682424
-0.0118072713215
2.70225515519
0.000875440688654
2.68762065726
0.000396113509067
2.67623281678
-0.00102719221038
2.66290634863
-0.000379715747476
2.66662806683
-0.000706721606154
2.65170356926
0.00133568888596
2.65123640828
0.0016228705613
2.64211175408
-0.00048406088214
2.64323644096
0.000943253364006
2.62951860736
-0.0122274422387
2.62327811614
0.00523770577738
2.59995048735
0.00494367338173
2.58264366181
0.00333400976363
2.56459866464
0.00282356168997
2.55085143392
0.0117979259427
2.54050025252
0.00551687467619
2.5136664318
-0.00542199105815
2.50408461005
0.000331728575738
2.49835602645
-0.0178842373369
2.49555659963
0.002021966499
2.49391186074
0.0079791689055
2.48854765089
-0.0139402122307
2.47900483922
0.00541399982828
2.43689439395
-0.0138121249527
2.42961537643
-0.0118415065126
2.42835213806
0.00121973881516
2.4202679797
-0.002700286665
2.40984295618
-0.0166249069238
2.3858079528
0.000619047752286
2.36486883279
-0.00337224483892
2.35982766412
0.00293483629239
2.3417859882
-0.00114583350996
2.33650373857
0.0139056738885
2.3206531389
0.00641175304328
2.30732389953
0.00676947852536
2.30050763516
-0.00145556889446
2.29185831118
-0.000982719206511
2.28263968986
-0.0140609635384
2.26324441349
0.000320631195774
2.25517136988
0.0149062856744
2.24241758468
0.00154917665626
2.24021632727
0.00188324000726
2.23561162342
0.00583525307055
2.22522045359
-0.0103580345829
2.21682916559
-0.0155198991244
2.2163189238
0.0366988770904
2.20574113065
-0.00236992380561
2.19979368803
-0.00157333392491
2.19628077737
-0.000647700851581
2.18580473699
-0.000258773838176
2.17132139935
0.00302090090742
2.16420258638
-0.0158522374754
2.15169412135
-0.00156159735629
2.13681833915
-0.00875141179444
2.11794739484
-0.0120173422353
2.11978640373
0.00137557767057
2.10293428312
0.00103295564668
2.09439525661
0.0013647635852
2.08654043905
-0.00521627757006
2.08034323836
0.00291547013111
2.0724930515
-0.00193708640885
2.06377585056
-0.000155317625587
2.06142830141
-0.0315251624543
2.04658777754
-0.00891599363266
2.04795606339
0.00211443545152
2.03923385869
-0.00308586261392
2.02835050973
-0.0155032351889
2.02748854774
0.00618701174855
2.02074027233
0.00356708820523
2.01107148454
0.00798503002935
2.00640993733
0.0095688842366
2.00319127671
-0.0342821550733
1.98950736327
-0.0113527589558
1.98437087777
-0.00179270557655
1.98311600466
-0.018431992515
1.97433031909
-0.0133423319213
1.96628441042
-0.00513907953321
1.96159149007
-0.00530201991181
1.95955109553
-0.0119016917357
1.95052943982
0.0102950366754
1.95038271491
-0.00544393222706
1.93837659161
-0.00918520058696
1.93789470491
-0.00127533800079
1.92348469656
-0.0052800912642
1.91529575685
0.00435509967884
1.90718308354
0.00611997274358
1.8980121171
0.00825100872674
1.89246573944
-0.00928723407989
1.88567238588
-0.00441152153004
1.87881403418
-0.00450156309961
1.87220614903
-0.0136896925911
1.8688310374
-0.0174195520635
1.85752242598
-0.00210325175876
1.84348736881
-0.00538414049283
1.83593289635
0.00359954688418
1.83117750849
0.00102966222023
1.82364856026
0.00185481820121
1.81156345394
-0.0149604626232
1.80784450126
-0.0134348049758
1.80142551299
0.0152212844836
1.80362675905
-0.0169835880892
1.79718172282
0.00158909666281
1.78545321948
-0.00526525041878
1.78147829198
-0.0317053531146
1.78048263515
-0.000817741278149
1.77414678149
0.00636762507378
1.76606436439
0.00768674508562
1.75700754046
0.0114357417319
1.75343721087
-0.00502817587743
1.74405056246
-0.00773680090838
1.74605355483
0.00576669739965
1.73758662767
0.00988180097747
1.73348584077
0.0205313172952
1.72576694069
-0.0116076677635
1.71406525319
0.0166348719761
1.70721781077
-0.00925830044797
1.70383433705
0.00893151406047
1.70051754296
0.00918041061846
1.68712490172
0.0151988248653
1.67842623515
-0.0173984742701
1.67566863304
-0.00429173862708
1.66930602558
-0.00483110106659
1.66130219189
0.00898378560719
1.6531232686
0.0176542107014
1.64522744611
0.0155672087739
1.64633632078
-0.0140144761265
1.64104977946
-0.0046348308428
1.63287299492
0.00130951610113
1.62181973222
0.00149252473847
1.60904462628
0.00372612423606
1.60366979814
-0.00503250830885
1.59879613497
0.00603251627042
1.59280427738
0.0147782706628
1.5954820193
0.00189994620265
1.59202590975
-0.0123225960988
1.58571071235
-4.20735038647e-05
1.57763831814
-0.0101756594351
1.56717925092
-0.0135420603609
1.57060328291
-0.0163734658787
1.56783064427
-0.0121699649651
1.55861455358
-0.017075382691
1.55498496343
0.0368663819001
1.53991468222
-0.00123966213576
1.53096596871
-0.0175554371451
1.52783793278
0.00538538887612
1.5263474971
-3.01054429207e-05
1.52093325199
-0.00581993185151
1.51587332474
-0.00841729883116
1.5128593251
0.0284645132733
1.49815553279
0.00607143759627
1.48820946102
-0.0102240327848
1.48408683857
-0.00541182595833
1.48535167226
0.00268471944053
1.48019872621
1.8946346665e-05
1.47373581661
0.0160844665744
1.46530307577
-0.0101946895037
1.45213540264
0.00417068239139
1.44228547971
0.0134697063358
1.44278510581
0.00207585720084
1.4307253551
-0.00242004884155
1.41965936534
0.00507132284412
1.41753559468
0.0224634438991
1.41293100855
-0.00891380937435
1.40679941099
-0.00754263989461
1.4031579023
0.000281227106434
1.40039892254
-0.00454552941671
1.39500709955
0.00646207085071
1.38207037749
0.00993298944729
1.38010100566
-0.00882267530574
1.37627078507
-0.0150467203345
1.37122399791
0.016119071398
1.36160977599
0.00666086422857
1.35512782562
-0.0157668058741
1.35766800232
-0.00938319970461
1.35518270888
-0.00558947584004
1.34865406354
0.00411977075348
1.33828470929
-1.75226777128e-05
1.33205043001
0.0189353852108
1.33107007733
0.00447285087962
1.33117070464
-0.0121159529411
1.32759891002
-0.0145954796424
1.31429464435
0.00447522392584
1.30753185633
0.000142537413542
1.30801055309
0.00646264994441
1.31052720557
0.0114878035708
1.30931961833
-0.0166680663071
1.29312107077
0.0147620434584
1.2913839975
-0.00155582301048
1.28908668997
-0.00208688605048
1.28195925715
-0.00265659441937
1.27350485299
-0.00454921940671
1.27350485299
-0.00454921940671
1.27350485299
-0.00454921940671
1.26830518505
-0.000975542058938
1.25569411002
-0.00484179960775
1.25569411002
-0.00484179960775
1.25569411002
-0.00484179960775
1.24020595791
0.00852755416518
1.23666223771
-0.005114491239
1.23165853395
0.00113615053888
1.2293477734
0.0099561943328
1.22928233287
0.00618479031117
1.2160897317
0.0060870576798
1.20885097877
-0.000935265482353
1.20841562805
-0.00215721940811
1.20786825402
0.00355673472193
1.20633264074
0.0187225203385
1.20434001193
-0.00832286597399
1.20515967211
0.0104537613239
1.19355838466
-0.0209342271445
1.19118459592
0.0194874211968
1.18267642416
-0.0111530626554
1.18024085425
-0.0084072368665
1.17453648979
-0.00923638778302
1.16966982696
0.00187895301837
1.16649787149
-0.00792867799777
1.15402631777
0.0126038178865
1.14625055618
0.00962614257462
1.14432057788
-0.00459568971257
1.13569220697
-1.81260186266e-05
1.1284377389
-0.0391696185725
1.10470733753
-0.00574347398866
1.09348333967
0.0199314655873
1.08769479171
0.00846605631706
1.08896150724
0.0174953713575
1.0905898035
-0.0037232063086
1.08749399135
-0.00154687994763
1.07024397259
-0.000934427650988
1.07214265335
-0.00639247036648
1.07620531944
0.0158536773726
1.06913283711
0.0282184433418
1.06934769366
-0.0071903121766
1.05884206507
-0.000112487404887
1.05263991177
-0.0057415105876
1.05059099894
-0.000177883811855
1.04500527543
0.0332897676138
1.04785393891
0.0280458824369
1.05048847435
-0.00667011596759
1.0368700769
-0.0174698252701
1.03468629752
0.0146600230351
1.01784733828
-0.00178980199911
1.0110866787
-0.00732088470769
1.00423825042
0.00338493910291
1.0053677516
-0.0380257071793
1.00712646078
0.00265501799531
0.998921847048
0.00123195492736
0.991490985518
0.00124179260171
0.986844746791
-0.00520430589847
0.984548960006
0.00363421377978
0.981164433452
-0.00345985499708
0.978178322266
0.0282011386659
0.974291826905
0.0251450056333
0.972094586314
-0.00505235133086
0.968096062976
0.00879098189714
0.959646247712
0.0148349692001
0.954815976543
-0.0148764233589
0.954459285126
-0.00532240223942
0.95527965995
0.0108853081655
0.955251932367
0.00396869156355
0.952632211248
0.00292307614572
0.952224721036
0.0383119606967
0.946387055407
-0.0182994036579
0.937254767276
-0.0163613769105
0.933420363304
-0.00751345719599
0.93391651546
0.00242866283901
0.934385523957
0.00494785513472
0.934133488666
-0.0178029242209
0.935373863061
0.00526205906898
0.936623297092
-0.0243967513223
0.935086425802
-0.0147544806904
0.933343479948
0.00515187521409
0.922734132695
0.00103385421853
0.913419925529
0.00500053950899
0.910960289212
0.00520022137531
0.911415894138
-0.0413476157443
0.913787410651
-0.0146486742528
0.908719200093
-0.0111279044791
0.905664238013
-0.019195012319
0.904258858933
-0.00604642434096
0.899573131712
0.00801222881707
0.902859390685
0.0104386935152
0.902253838777
-0.00514099092183
0.902336706023
-0.0227505551522
0.900566705573
-0.00371870652443
0.897480785161
4.51002977232e-05
0.896037710896
-0.00433232875798
0.893540475126
-0.00844901725391
0.888623170534
-0.00717711401179
0.890049790927
0.0373423711133
0.89239588616
0.0141567036887
0.895154653992
-0.0393742260233
0.89650558323
0.0360028973233
0.893496632072
0.0147889797457
0.893963366135
-0.00152687366984
0.897154384292
0.00120638352734
0.897205775428
0.0154549987119
0.898548313023
0.00510835185815
0.899387485478
0.00509294866663
0.902634873995
0.014561784821
0.906212597424
0.0229847970136
0.907608743979
0.0169641173946
0.906177196485
-0.00325716521672
0.905547274596
-0.022102162703
0.909513615727
0.00194767514574
0.914039494076
-0.0318558869939
0.916008354446
0.00963128462097
0.916631934981
-0.00150591353259
0.919798660198
0.0239506687004
0.924497192726
-0.00303580691915
0.925192934147
0.00378900005939
0.922615746686
-0.000837679250362
0.925175289243
0.00111824254824
0.928791262409
0.00139331690966
0.932619846697
0.00119835540124
0.945143049583
-0.00211284536854
0.943077684895
0.0257081086794
0.94066396751
-0.026419377816
0.948207713603
0.0199556522936
0.951927281363
-0.0141808325198
0.94828644633
0.0216896387511
0.947852812677
0.00567119707117
0.951429824733
-0.0185656915141
0.953328256819
0.00237143147783
0.954056182202
-0.00292451804813
0.960885273139
0.00069143767413
0.96142315446
0.0100390328803
0.959721736993
-0.0137721003469
0.955478022753
-0.0146776245956
0.956757848683
0.0370641813376
0.958902271997
0.0173769884651
0.958004482932
-0.0190489049251
0.961428745431
-0.013360037626
0.965226508598
0.0374241820752
0.965405412276
0.0347489935929
0.962321352589
-0.0197277688363
0.960207758408
0.0183136021598
0.957992506015
0.0133782881028
0.957955072645
0.019430105097
0.963280903817
-0.00192059473376
0.963750140037
-0.00219294530817
0.962937972367
-0.00767925989476
0.959730351298
0.00366481218316
0.960624644128
0.0100361094571
0.962226550746
0.00497155657724
0.961061593776
0.0232374467708
0.962044527051
-0.0313212554081
0.961917278055
-0.00522981668663
0.964103590279
-0.00327332872936
0.965328676169
0.00308296708714
0.96593651908
0.00648234232048
0.965788753309
0.00435314711283
0.968949054517
-0.0141215591202
0.971380291553
-0.0140137325211
0.96961269853
0.0301623100216
0.961355841429
-0.0326921040013
0.961689794259
-0.00518413000254
0.96093858063
-0.00549051450511
0.962901592308
0.000482456317627
0.964116887017
-0.000569620874676
0.965625785944
-0.000649458463842
0.965375493362
-0.000641889593183
0.964767502731
0.000357305116462
0.964660546693
0.000543586182601
0.96408427115
0.000580662972674
0.962648097294
0.00041979635367
0.961806895943
0.000410053034531
0.961769681972
-0.000399071652322
0.96239880161
0.000176547228397
0.963079222863
-0.000374629110417
0.963555889562
-0.000190684579449
0.963417247164
0.000243016023367
0.963183859827
7.85715366166e-05
0.962718865106
-0.000261850584408
0.962214717848
9.86167155484e-05
0.961447738753
0.000249963743845
0.960360210402
0.000322935941191
0.959703186618
-0.000156752625356
0.959158720512
-0.00035934553848
